name                                             DE                 d_OM                  OCN            d_aver_OM          XNv_aver_OM            X_aver_OM        Eaffi_aver_OM        Eion1_aver_OM           Eb_aver_OM                 MMCN                MMGCN                XNv_M                  X_M                   Nd                   Ns                  R_M                  Z_M              Eaffi_M              Eion1_M            d_aver_MM          XNv_aver_MM            X_aver_MM        Eaffi_aver_MM        Eion1_aver_MM     Diff_XNv_aver_MM       Diff_X_aver_MM                   Ea 
Ni(111)                                    0.643185             3.163639             3.000000             1.845930            19.100000             1.910000             1.156000             7.639877             3.793324             9.000000             7.500000            19.100000             1.910000             8.000000             2.000000           115.000000            28.000000             1.156000             7.639877             2.478659            19.100000             1.910000             1.156000             7.639877             0.000000             0.000000             1.902543 
Pd(111)                                    0.309561             3.473466             3.000000             2.019684            22.000000             2.200000             0.562000             8.336860             2.467733             9.000000             7.500000            22.000000             2.200000            10.000000             0.000000           128.000000            46.000000             0.562000             8.336860             2.803469            22.000000             2.200000             0.562000             8.336860             0.000000             0.000000             1.622741 
Pt(111)                                    0.032316             3.483609             3.000000             2.060446            22.000000             2.200000             2.128000             8.958830             4.338485             9.000000             7.500000            22.000000             2.200000             9.000000             1.000000           130.000000            78.000000             2.128000             8.958830             2.818403            22.000000             2.200000             2.128000             8.958830             0.000000             0.000000             1.598280 
Cu(111)                                    0.518833             3.230426             3.000000             1.907238            20.900000             1.900000             1.235000             7.726380             2.978692             9.000000             7.500000            20.900000             1.900000            10.000000             1.000000           118.000000            29.000000             1.235000             7.726380             2.566707            20.900000             1.900000             1.235000             7.726380             0.000000             0.000000             1.588655 
Au(111)                                   -0.041158             3.656454             3.000000             2.179180            26.400000             2.400000             2.308630             9.225553             2.311233             9.000000             7.500000            26.400000             2.400000            10.000000             1.000000           134.000000            79.000000             2.308630             9.225553             2.953213            26.400000             2.400000             2.308630             9.225553             0.000000             0.000000             1.303762 
Ag(111)                                    0.072276             3.658420             3.000000             2.183399            21.230000             1.930000             1.302000             7.576234             2.290504             9.000000             7.500000            21.230000             1.930000            10.000000             1.000000           134.000000            47.000000             1.302000             7.576234             2.945483            21.230000             1.930000             1.302000             7.576234             0.000000             0.000000             1.231291 
Ir(111)                                    0.596904             3.475107             3.000000             2.073187            19.800000             2.200000             1.563800             8.967020             4.290809             9.000000             7.500000            19.800000             2.200000             7.000000             2.000000           127.000000            77.000000             1.563800             8.967020             2.725583            19.800000             2.200000             1.563800             8.967020             0.000000             0.000000             1.648153 
Rh(111)                                    0.426793             3.466416             3.000000             2.030635            20.520000             2.280000             1.137000             7.458900             4.197531             9.000000             7.500000            20.520000             2.280000             8.000000             1.000000           125.000000            45.000000             1.137000             7.458900             2.710683            20.520000             2.280000             1.137000             7.458900             0.000000             0.000000             1.557211 
Ni(100)                                    0.671293             1.958344             4.000000             1.955756            19.100000             1.910000             1.156000             7.639877             3.793324             8.000000             6.666667            19.100000             1.910000             8.000000             2.000000           115.000000            28.000000             1.156000             7.639877             2.511143            19.100000             1.910000             1.156000             7.639877             0.000000             0.000000             1.807336 
Pd(100)                                   -0.122670             2.175227             4.000000             2.175494            22.000000             2.200000             0.562000             8.336860             2.467733             8.000000             6.666667            22.000000             2.200000            10.000000             0.000000           128.000000            46.000000             0.562000             8.336860             2.822958            22.000000             2.200000             0.562000             8.336860             0.000000             0.000000             1.233535 
Pt(100)                                   -0.558806             1.959675             2.000000             1.959563            22.000000             2.200000             2.128000             8.958830             4.338485             8.000000             6.666667            22.000000             2.200000             9.000000             1.000000           130.000000            78.000000             2.128000             8.958830             2.865805            22.000000             2.200000             2.128000             8.958830             0.000000             0.000000             1.013173 
Cu(100)                                    0.534190             2.018210             4.000000             2.018259            20.900000             1.900000             1.235000             7.726380             2.978692             8.000000             6.666667            20.900000             1.900000            10.000000             1.000000           118.000000            29.000000             1.235000             7.726380             2.603717            20.900000             1.900000             1.235000             7.726380             0.000000             0.000000             1.567002 
Au(100)                                   -0.423015             2.334473             4.000000             2.334474            26.400000             2.400000             2.308630             9.225553             2.311233             8.000000             6.666667            26.400000             2.400000            10.000000             1.000000           134.000000            79.000000             2.308630             9.225553             2.998744            26.400000             2.400000             2.308630             9.225553             0.000000             0.000000             1.219038 
Ag(100)                                    0.176325             2.275157             4.000000             2.275157            21.230000             1.930000             1.302000             7.576234             2.290504             8.000000             6.666667            21.230000             1.930000            10.000000             1.000000           134.000000            47.000000             1.302000             7.576234             2.991506            21.230000             1.930000             1.302000             7.576234             0.000000             0.000000             1.309522 
Ir(100)                                   -0.098460             1.943573             2.000000             1.943577            19.800000             2.200000             1.563800             8.967020             4.290809             8.000000             6.666667            19.800000             2.200000             7.000000             2.000000           127.000000            77.000000             1.563800             8.967020             2.769246            19.800000             2.200000             1.563800             8.967020             0.000000             0.000000             1.711685 
Rh(100)                                    0.169840             2.160569             4.000000             2.160560            20.520000             2.280000             1.137000             7.458900             4.197531             8.000000             6.666667            20.520000             2.280000             8.000000             1.000000           125.000000            45.000000             1.137000             7.458900             2.732479            20.520000             2.280000             1.137000             7.458900             0.000000             0.000000             1.324255 
Ni(110)                                    0.049079             1.768554             2.000000             1.768476            19.100000             1.910000             1.156000             7.639877             3.793324             7.000000             5.750000            19.100000             1.910000             8.000000             2.000000           115.000000            28.000000             1.156000             7.639877             2.521604            19.100000             1.910000             1.156000             7.639877             0.000000             0.000000             1.671749 
Pd(110)                                   -0.291492             2.008818             3.000000             2.027360            22.000000             2.200000             0.562000             8.336860             2.467733             7.000000             5.750000            22.000000             2.200000            10.000000             0.000000           128.000000            46.000000             0.562000             8.336860             2.843183            22.000000             2.200000             0.562000             8.336860             0.000000             0.000000             1.537411 
Pt(110)                                   -0.468093             1.944038             2.000000             1.944016            22.000000             2.200000             2.128000             8.958830             4.338485             7.000000             5.750000            22.000000             2.200000             9.000000             1.000000           130.000000            78.000000             2.128000             8.958830             2.829370            22.000000             2.200000             2.128000             8.958830             0.000000             0.000000             1.493632 
Cu(110)                                   -0.048458             1.898224             3.000000             1.945236            20.900000             1.900000             1.235000             7.726380             2.978692             7.000000             5.750000            20.900000             1.900000            10.000000             1.000000           118.000000            29.000000             1.235000             7.726380             2.596291            20.900000             1.900000             1.235000             7.726380             0.000000             0.000000             1.234456 
Au(110)                                   -0.690520             2.133932             3.000000             2.210322            26.400000             2.400000             2.308630             9.225553             2.311233             7.000000             5.750000            26.400000             2.400000            10.000000             1.000000           134.000000            79.000000             2.308630             9.225553             2.988845            26.400000             2.400000             2.308630             9.225553             0.000000             0.000000             1.011925 
Ag(110)                                   -0.141747             2.454981             5.000000             2.423262            21.230000             1.930000             1.302000             7.576234             2.290504             7.000000             5.750000            21.230000             1.930000            10.000000             1.000000           134.000000            47.000000             1.302000             7.576234             2.971687            21.230000             1.930000             1.302000             7.576234             0.000000             0.000000             0.967975 
Ir(110)                                   -0.061103             1.936018             2.000000             1.936039            19.800000             2.200000             1.563800             8.967020             4.290809             7.000000             5.750000            19.800000             2.200000             7.000000             2.000000           127.000000            77.000000             1.563800             8.967020             2.737756            19.800000             2.200000             1.563800             8.967020             0.000000             0.000000             1.431155 
Rh(110)                                   -0.025701             1.901288             2.000000             1.901247            20.520000             2.280000             1.137000             7.458900             4.197531             7.000000             5.750000            20.520000             2.280000             8.000000             1.000000           125.000000            45.000000             1.137000             7.458900             2.738083            20.520000             2.280000             1.137000             7.458900             0.000000             0.000000             1.660516 
Os(0001)                                   0.860649             3.489287             3.000000             2.062634            17.600000             2.200000             1.100000             8.438230             5.959457             9.000000             7.500000            17.600000             2.200000             6.000000             2.000000           126.000000            76.000000             1.100000             8.438230             2.712295            17.600000             2.200000             1.100000             8.438230             0.000000             0.000000             1.905288 
Os(100)                                    0.152648             1.939882             2.000000             1.939608            17.600000             2.200000             1.100000             8.438230             5.959457             6.000000             4.666667            17.600000             2.200000             6.000000             2.000000           126.000000            76.000000             1.100000             8.438230             2.762554            17.600000             2.200000             1.100000             8.438230             0.000000             0.000000             1.479678 
Ru(0001)                                   0.666786             3.444305             3.000000             2.025457            17.600000             2.200000             1.050000             7.360500             5.472336             9.000000             7.500000            17.600000             2.200000             7.000000             1.000000           125.000000            44.000000             1.050000             7.360500             2.687196            17.600000             2.200000             1.050000             7.360500             0.000000             0.000000             1.927948 
Ru(100)                                    0.138031             1.919579             2.000000             1.917798            17.600000             2.200000             1.050000             7.360500             5.472336             6.000000             4.666667            17.600000             2.200000             7.000000             1.000000           125.000000            44.000000             1.050000             7.360500             2.717695            17.600000             2.200000             1.050000             7.360500             0.000000             0.000000             1.630070 
Cu(321)                                    0.107676             4.097791             3.000000             1.907678            20.900000             1.900000             1.235000             7.726380             2.978692             6.000000             4.833333            20.900000             1.900000            10.000000             1.000000           118.000000            29.000000             1.235000             7.726380             2.513730            20.900000             1.900000             1.235000             7.726380             0.000000             0.000000             1.549477 
Rh(321)                                    0.368251             3.517932             3.000000             2.037209            20.520000             2.280000             1.137000             7.458900             4.197531             8.000000             6.250000            20.520000             2.280000             8.000000             1.000000           125.000000            45.000000             1.137000             7.458900             2.701782            20.520000             2.280000             1.137000             7.458900             0.000000             0.000000             1.566776 
Cu(874)                                    0.513608             3.315817             3.000000             1.908930            20.900000             1.900000             1.235000             7.726380             2.978692             9.000000             7.250000            20.900000             1.900000            10.000000             1.000000           118.000000            29.000000             1.235000             7.726380             2.569049            20.900000             1.900000             1.235000             7.726380             0.000000             0.000000             1.663451 
Rh(874)                                    0.545353             3.501118             3.000000             2.023818            20.520000             2.280000             1.137000             7.458900             4.197531             9.000000             7.250000            20.520000             2.280000             8.000000             1.000000           125.000000            45.000000             1.137000             7.458900             2.710361            20.520000             2.280000             1.137000             7.458900             0.000000             0.000000             1.717474 
Ni(211)                                   -0.077484             3.958111             2.000000             1.759919            19.100000             1.910000             1.156000             7.639877             3.793324             7.000000             5.500000            19.100000             1.910000             8.000000             2.000000           115.000000            28.000000             1.156000             7.639877             2.447712            19.100000             1.910000             1.156000             7.639877             0.000000             0.000000             1.650477 
Pd(211)                                   -0.431527             4.388239             2.000000             1.928784            22.000000             2.200000             0.562000             8.336860             2.467733             7.000000             5.500000            22.000000             2.200000            10.000000             0.000000           128.000000            46.000000             0.562000             8.336860             2.777808            22.000000             2.200000             0.562000             8.336860             0.000000             0.000000             1.497192 
Pt(211)                                   -0.572742             4.431218             2.000000             1.950873            22.000000             2.200000             2.128000             8.958830             4.338485             7.000000             5.500000            22.000000             2.200000             9.000000             1.000000           130.000000            78.000000             2.128000             8.958830             2.740113            22.000000             2.200000             2.128000             8.958830             0.000000             0.000000             1.598862 
Cu(211)                                    0.198840             4.083468             3.000000             1.906215            20.900000             1.900000             1.235000             7.726380             2.978692             7.000000             5.500000            20.900000             1.900000            10.000000             1.000000           118.000000            29.000000             1.235000             7.726380             2.505677            20.900000             1.900000             1.235000             7.726380             0.000000             0.000000             1.522551 
Au(211)                                   -0.456016             4.651973             2.000000             2.054668            26.400000             2.400000             2.308630             9.225553             2.311233             7.000000             5.500000            26.400000             2.400000            10.000000             1.000000           134.000000            79.000000             2.308630             9.225553             2.870435            26.400000             2.400000             2.308630             9.225553             0.000000             0.000000             1.471615 
Ag(211)                                    0.172882             4.715150             4.000000             2.302893            21.230000             1.930000             1.302000             7.576234             2.290504             7.000000             5.500000            21.230000             1.930000            10.000000             1.000000           134.000000            47.000000             1.302000             7.576234             2.917105            21.230000             1.930000             1.302000             7.576234             0.000000             0.000000             1.312833 
Ir(211)                                   -0.163353             4.350559             2.000000             1.934873            19.800000             2.200000             1.563800             8.967020             4.290809             7.000000             5.500000            19.800000             2.200000             7.000000             2.000000           127.000000            77.000000             1.563800             8.967020             2.670326            19.800000             2.200000             1.563800             8.967020             0.000000             0.000000             1.650802 
Rh(211)                                    0.014398             4.311551             2.000000             1.902491            20.520000             2.280000             1.137000             7.458900             4.197531             7.000000             5.500000            20.520000             2.280000             8.000000             1.000000           125.000000            45.000000             1.137000             7.458900             2.673301            20.520000             2.280000             1.137000             7.458900             0.000000             0.000000             1.911118 
Ag_Ni(111)_CH3_on_Ag                       1.347507             2.928575             3.000000             1.855254            19.100000             1.910000             1.156000             7.639877             3.793324             9.000000             7.500000            21.230000             1.930000            10.000000             1.000000           134.000000            47.000000             1.302000             7.576234             2.788279            19.100000             1.910000             1.156000             7.639877             2.130000             0.020000             1.888814 
Ag_Ni(111)_CH3_on_Ni(111)                  0.831694             4.002595             3.000000             1.858706            19.100000             1.910000             1.156000             7.639877             3.793324             9.000000             7.500000            19.100000             1.910000             8.000000             2.000000           115.000000            28.000000             1.156000             7.639877             2.488827            19.336667             1.912222             1.172222             7.632806             0.236667             0.002222             2.482587 
Au_Ni(111)_CH3_on_Au                       0.965631             3.060666             3.000000             1.850813            19.100000             1.910000             1.156000             7.639877             3.793324             9.000000             7.500000            26.400000             2.400000            10.000000             1.000000           134.000000            79.000000             2.308630             9.225553             2.661326            19.100000             1.910000             1.156000             7.639877             7.300000             0.490000             1.979917 
Au_Ni(111)_CH3_on_Ni(111)                  0.757710             3.952792             3.000000             1.855276            19.100000             1.910000             1.156000             7.639877             3.793324             9.000000             7.500000            19.100000             1.910000             8.000000             2.000000           115.000000            28.000000             1.156000             7.639877             2.484914            19.911111             1.964444             1.284070             7.816063             0.811111             0.054444             2.582175 
Cu_Ni(111)_CH3_on_Cu                       1.087813             3.100869             3.000000             1.846572            19.100000             1.910000             1.156000             7.639877             3.793324             9.000000             7.500000            20.900000             1.900000            10.000000             1.000000           118.000000            29.000000             1.235000             7.726380             2.521779            19.100000             1.910000             1.156000             7.639877             1.800000             0.010000             2.038634 
Cu_Ni(111)_CH3_on_Ni(111)                  0.589184             3.256809             3.000000             1.864042            19.700000             1.906667             1.182333             7.668711             3.521780             9.000000             7.500000            19.100000             1.910000             8.000000             2.000000           115.000000            28.000000             1.156000             7.639877             2.478938            19.300000             1.908889             1.164778             7.649488             0.200000             0.001111             1.804218 
Ag_Pd(111)_CH3_on_Ag                       1.130822             3.404747             3.000000             2.020921            22.000000             2.200000             0.562000             8.336860             2.467733             9.000000             7.500000            21.230000             1.930000            10.000000             1.000000           134.000000            47.000000             1.302000             7.576234             2.863716            22.000000             2.200000             0.562000             8.336860             0.770000             0.270000             2.051166 
Ag_Pd(111)_CH3_on_Pd(111)                 -0.131691             3.682127             3.000000             2.082940            21.743333             2.110000             0.808667             8.083318             2.408657             9.000000             7.500000            22.000000             2.200000            10.000000             0.000000           128.000000            46.000000             0.562000             8.336860             2.803133            21.914444             2.170000             0.644222             8.252346             0.085556             0.030000             1.597695 
Au_Pd(111)_CH3_on_Au                       0.669180             3.465122             3.000000             2.019738            22.000000             2.200000             0.562000             8.336860             2.467733             9.000000             7.500000            26.400000             2.400000            10.000000             1.000000           134.000000            79.000000             2.308630             9.225553             2.849227            22.000000             2.200000             0.562000             8.336860             4.400000             0.200000             2.056783 
Au_Pd(111)_CH3_on_Pd(111)                 -0.179932             3.596628             3.000000             2.068662            23.466667             2.266667             1.144210             8.633091             2.415567             9.000000             7.500000            22.000000             2.200000            10.000000             0.000000           128.000000            46.000000             0.562000             8.336860             2.804647            22.488889             2.222222             0.756070             8.435604             0.488889             0.022222             1.644289 
Cu_Pd(111)_CH3_on_Cu                       0.817502             3.511578             3.000000             2.018028            22.000000             2.200000             0.562000             8.336860             2.467733             9.000000             7.500000            20.900000             1.900000            10.000000             1.000000           118.000000            29.000000             1.235000             7.726380             2.750108            22.000000             2.200000             0.562000             8.336860             1.100000             0.300000             1.965503 
Cu_Pd(111)_CH3_on_Pd(111)                  0.233262             3.325117             3.000000             1.975890            21.633333             2.100000             0.786333             8.133367             2.638053             9.000000             7.500000            22.000000             2.200000            10.000000             0.000000           128.000000            46.000000             0.562000             8.336860             2.800842            21.877778             2.166667             0.636778             8.269029             0.122222             0.033333             1.529158 
Ag_Pt(111)_CH3_on_Ag                       1.572960             3.356720             3.000000             2.059897            22.000000             2.200000             2.128000             8.958830             4.338485             9.000000             7.500000            21.230000             1.930000            10.000000             1.000000           134.000000            47.000000             1.302000             7.576234             2.923486            22.000000             2.200000             2.128000             8.958830             0.770000             0.270000             2.016893 
Ag_Pt(111)_CH3_on_Pt(111)                 -0.280624             3.713464             3.000000             2.095895            21.743333             2.110000             1.852667             8.497965             3.655825             9.000000             7.500000            22.000000             2.200000             9.000000             1.000000           130.000000            78.000000             2.128000             8.958830             2.815036            21.914444             2.170000             2.036222             8.805208             0.085556             0.030000             1.709823 
Au_Pt(111)_CH3_on_Au                       0.708258             3.414557             3.000000             2.057934            22.000000             2.200000             2.128000             8.958830             4.338485             9.000000             7.500000            26.400000             2.400000            10.000000             1.000000           134.000000            79.000000             2.308630             9.225553             2.898656            22.000000             2.200000             2.128000             8.958830             4.400000             0.200000             2.000194 
Au_Pt(111)_CH3_on_Pt(111)                 -0.307083             3.651064             3.000000             2.090651            23.466667             2.266667             2.188210             9.047738             3.662734             9.000000             7.500000            22.000000             2.200000             9.000000             1.000000           130.000000            78.000000             2.128000             8.958830             2.819876            22.488889             2.222222             2.148070             8.988466             0.488889             0.022222             1.676878 
Cu_Pt(111)_CH3_on_Cu                       1.346018             3.481214             3.000000             2.058111            22.000000             2.200000             2.128000             8.958830             4.338485             9.000000             7.500000            20.900000             1.900000            10.000000             1.000000           118.000000            29.000000             1.235000             7.726380             2.785416            22.000000             2.200000             2.128000             8.958830             1.100000             0.300000             1.886175 
Cu_Pt(111)_CH3_on_Pt(111)                 -0.064251             3.422458             3.000000             2.004201            21.633333             2.100000             1.830333             8.548013             3.885221             9.000000             7.500000            22.000000             2.200000             9.000000             1.000000           130.000000            78.000000             2.128000             8.958830             2.810567            21.877778             2.166667             2.028778             8.821891             0.122222             0.033333             1.679841 
Ag_Ir(111)_CH3_on_Ag                       1.731947             3.322799             3.000000             2.076273            19.800000             2.200000             1.563800             8.967020             4.290809             9.000000             7.500000            21.230000             1.930000            10.000000             1.000000           134.000000            47.000000             1.302000             7.576234             2.935964            19.800000             2.200000             1.563800             8.967020             1.430000             0.270000             2.269105 
Ag_Ir(111)_CH3_on_Ir(111)                  0.104761             3.746134             3.000000             2.104844            20.276667             2.110000             1.476533             8.503425             3.624041             9.000000             7.500000            19.800000             2.200000             7.000000             2.000000           127.000000            77.000000             1.563800             8.967020             2.732892            19.958889             2.170000             1.534711             8.812488             0.158889             0.030000             1.699250 
Au_Ir(111)_CH3_on_Au                       1.267747             3.365669             3.000000             2.073712            19.800000             2.200000             1.563800             8.967020             4.290809             9.000000             7.500000            26.400000             2.400000            10.000000             1.000000           134.000000            79.000000             2.308630             9.225553             2.890655            19.800000             2.200000             1.563800             8.967020             6.600000             0.200000             2.253403 
Au_Ir(111)_CH3_on_Ir(111)                  0.037199             3.734211             3.000000             2.126841            22.000000             2.266667             1.812077             9.053198             3.630950             9.000000             7.500000            19.800000             2.200000             7.000000             2.000000           127.000000            77.000000             1.563800             8.967020             2.733484            20.533333             2.222222             1.646559             8.995746             0.733333             0.022222             1.629393 
Cu_Ir(111)_CH3_on_Cu                       1.557271             3.443003             3.000000             2.073165            19.800000             2.200000             1.563800             8.967020             4.290809             9.000000             7.500000            20.900000             1.900000            10.000000             1.000000           118.000000            29.000000             1.235000             7.726380             2.762082            19.800000             2.200000             1.563800             8.967020             1.100000             0.300000             2.179185 
Cu_Ir(111)_CH3_on_Ir(111)                  0.202780             3.466695             3.000000             2.022496            20.166667             2.100000             1.454200             8.553473             3.853437             9.000000             7.500000            19.800000             2.200000             7.000000             2.000000           127.000000            77.000000             1.563800             8.967020             2.724568            19.922222             2.166667             1.527267             8.829171             0.122222             0.033333             1.790950 
Ag_Rh(111)_CH3_on_Ag                       1.344979             3.282371             3.000000             2.032841            20.520000             2.280000             1.137000             7.458900             4.197531             9.000000             7.500000            21.230000             1.930000            10.000000             1.000000           134.000000            47.000000             1.302000             7.576234             2.891708            20.520000             2.280000             1.137000             7.458900             0.710000             0.350000             2.108293 
Ag_Rh(111)_CH3_on_Rh(111)                  0.509839             4.320037             3.000000             2.021997            20.520000             2.280000             1.137000             7.458900             4.197531             9.000000             7.500000            20.520000             2.280000             8.000000             1.000000           125.000000            45.000000             1.137000             7.458900             2.718190            20.598889             2.241111             1.155333             7.471937             0.078889             0.038889             2.180169 
Au_Rh(111)_CH3_on_Au                       0.923488             3.358529             3.000000             2.032506            20.520000             2.280000             1.137000             7.458900             4.197531             9.000000             7.500000            26.400000             2.400000            10.000000             1.000000           134.000000            79.000000             2.308630             9.225553             2.846542            20.520000             2.280000             1.137000             7.458900             5.880000             0.120000             2.166525 
Au_Rh(111)_CH3_on_Rh(111)                  0.493233             4.313985             3.000000             2.024463            20.520000             2.280000             1.137000             7.458900             4.197531             9.000000             7.500000            20.520000             2.280000             8.000000             1.000000           125.000000            45.000000             1.137000             7.458900             2.717614            21.173333             2.293333             1.267181             7.655195             0.653333             0.013333             2.287459 
Cu_Rh(111)_CH3_on_Cu                       1.121809             3.411145             3.000000             2.026696            20.520000             2.280000             1.137000             7.458900             4.197531             9.000000             7.500000            20.900000             1.900000            10.000000             1.000000           118.000000            29.000000             1.235000             7.726380             2.716514            20.520000             2.280000             1.137000             7.458900             0.380000             0.380000             2.121064 
Cu_Rh(111)_CH3_on_Rh(111)                  0.194310             3.402313             3.000000             1.983896            20.646667             2.153333             1.169667             7.548060             3.791251             9.000000             7.500000            20.520000             2.280000             8.000000             1.000000           125.000000            45.000000             1.137000             7.458900             2.711516            20.562222             2.237778             1.147889             7.488620             0.042222             0.042222             1.599711 
Ni_Ag(111)_CH3_on_Ni                      -0.680873             3.856983             3.000000             2.178748            21.230000             1.930000             1.302000             7.576234             2.290504             9.000000             7.500000            19.100000             1.910000             8.000000             2.000000           115.000000            28.000000             1.156000             7.639877             2.841105            21.230000             1.930000             1.302000             7.576234             2.130000             0.020000             1.007759 
Ni_Ag(111)_CH3_on_Ag(111)                  0.726906             3.292396             3.000000             2.120608            20.520000             1.923333             1.253333             7.597448             2.791444             9.000000             7.500000            21.230000             1.930000            10.000000             1.000000           134.000000            47.000000             1.302000             7.576234             2.948628            20.993333             1.927778             1.285778             7.583305             0.236667             0.002222             1.429541 
Pd_Ag(111)_CH3_on_Pd                      -0.407720             3.747635             3.000000             2.177422            21.230000             1.930000             1.302000             7.576234             2.290504             9.000000             7.500000            22.000000             2.200000            10.000000             0.000000           128.000000            46.000000             0.562000             8.336860             2.901142            21.230000             1.930000             1.302000             7.576234             0.770000             0.270000             1.199035 
Pd_Ag(111)_CH3_on_Ag(111)                  0.338218             3.508806             3.000000             2.158170            21.486667             2.020000             1.055333             7.829776             2.349581             9.000000             7.500000            21.230000             1.930000            10.000000             1.000000           134.000000            47.000000             1.302000             7.576234             2.949361            21.315556             1.960000             1.219778             7.660748             0.085556             0.030000             1.313875 
Pt_Ag(111)_CH3_on_Pt                      -0.841586             3.843796             3.000000             2.179874            21.230000             1.930000             1.302000             7.576234             2.290504             9.000000             7.500000            22.000000             2.200000             9.000000             1.000000           130.000000            78.000000             2.128000             8.958830             2.887603            21.230000             1.930000             1.302000             7.576234             0.770000             0.270000             1.204962 
Pt_Ag(111)_CH3_on_Ag(111)                  0.639358             3.466476             3.000000             2.177690            21.486667             2.020000             1.577333             8.037099             2.973164             9.000000             7.500000            21.230000             1.930000            10.000000             1.000000           134.000000            47.000000             1.302000             7.576234             2.951474            21.315556             1.960000             1.393778             7.729856             0.085556             0.030000             1.416514 
Ir_Ag(111)_CH3_on_Ir                      -1.132582             3.879826             3.000000             2.173326            21.230000             1.930000             1.302000             7.576234             2.290504             9.000000             7.500000            19.800000             2.200000             7.000000             2.000000           127.000000            77.000000             1.563800             8.967020             2.872400            21.230000             1.930000             1.302000             7.576234             1.430000             0.270000             0.856696 
Ir_Ag(111)_CH3_on_Ag(111)                  1.047200             3.425051             3.000000             2.246714            20.753333             2.020000             1.389267             8.039829             2.957273             9.000000             7.500000            21.230000             1.930000            10.000000             1.000000           134.000000            47.000000             1.302000             7.576234             2.947404            21.071111             1.960000             1.331089             7.730766             0.158889             0.030000             1.688227 
Rh_Ag(111)_CH3_on_Rh                      -0.798704             3.780631             3.000000             2.172728            21.230000             1.930000             1.302000             7.576234             2.290504             9.000000             7.500000            20.520000             2.280000             8.000000             1.000000           125.000000            45.000000             1.137000             7.458900             2.887905            21.230000             1.930000             1.302000             7.576234             0.710000             0.350000             0.902795 
Rh_Ag(111)_CH3_on_Ag(111)                  0.832224             3.442447             3.000000             2.181840            20.993333             2.046667             1.247000             7.537123             2.926180             9.000000             7.500000            21.230000             1.930000            10.000000             1.000000           134.000000            47.000000             1.302000             7.576234             2.947940            21.151111             1.968889             1.283667             7.563197             0.078889             0.038889             1.557023 
Ni_Au(111)_CH3_on_Ni                      -0.295559             3.793713             3.000000             2.172134            26.400000             2.400000             2.308630             9.225553             2.311233             9.000000             7.500000            19.100000             1.910000             8.000000             2.000000           115.000000            28.000000             1.156000             7.639877             2.843814            26.400000             2.400000             2.308630             9.225553             7.300000             0.490000             0.680403 
Ni_Au(111)_CH3_on_Au(111)                  0.288616             3.344177             3.000000             2.114021            23.966667             2.236667             1.924420             8.696994             2.805263             9.000000             7.500000            26.400000             2.400000            10.000000             1.000000           134.000000            79.000000             2.308630             9.225553             2.952194            25.588889             2.345556             2.180560             9.049367             0.811111             0.054444             1.418018 
Pd_Au(111)_CH3_on_Pd                      -0.162695             3.612740             3.000000             2.171840            26.400000             2.400000             2.308630             9.225553             2.311233             9.000000             7.500000            22.000000             2.200000            10.000000             0.000000           128.000000            46.000000             0.562000             8.336860             2.920778            26.400000             2.400000             2.308630             9.225553             4.400000             0.200000             1.185619 
Pd_Au(111)_CH3_on_Au(111)                  0.111599             3.563286             3.000000             2.143230            24.933333             2.333333             1.726420             8.929322             2.363400             9.000000             7.500000            26.400000             2.400000            10.000000             1.000000           134.000000            79.000000             2.308630             9.225553             2.955876            25.911111             2.377778             2.114560             9.126809             0.488889             0.022222             1.367057 
Pt_Au(111)_CH3_on_Pt                      -0.662327             3.724442             3.000000             2.173707            26.400000             2.400000             2.308630             9.225553             2.311233             9.000000             7.500000            22.000000             2.200000             9.000000             1.000000           130.000000            78.000000             2.128000             8.958830             2.905527            26.400000             2.400000             2.308630             9.225553             4.400000             0.200000             1.126377 
Pt_Au(111)_CH3_on_Au(111)                  0.033017             3.480310             3.000000             2.165690            24.933333             2.333333             2.248420             9.136645             2.986984             9.000000             7.500000            26.400000             2.400000            10.000000             1.000000           134.000000            79.000000             2.308630             9.225553             2.959470            25.911111             2.377778             2.288560             9.195917             0.488889             0.022222             1.428782 
Ir_Au(111)_CH3_on_Ir                      -0.887560             3.751297             3.000000             2.169057            26.400000             2.400000             2.308630             9.225553             2.311233             9.000000             7.500000            19.800000             2.200000             7.000000             2.000000           127.000000            77.000000             1.563800             8.967020             2.886282            26.400000             2.400000             2.308630             9.225553             6.600000             0.200000             0.769313 
Ir_Au(111)_CH3_on_Au(111)                  0.367708             3.234147             1.000000             1.792493            19.800000             2.200000             1.563800             8.967020             4.290809             9.000000             7.500000            26.400000             2.400000            10.000000             1.000000           134.000000            79.000000             2.308630             9.225553             2.968007            25.666667             2.377778             2.225871             9.196827             0.733333             0.022222             1.559569 
Rh_Au(111)_CH3_on_Rh                      -0.536076             3.644210             3.000000             2.166030            26.400000             2.400000             2.308630             9.225553             2.311233             9.000000             7.500000            20.520000             2.280000             8.000000             1.000000           125.000000            45.000000             1.137000             7.458900             2.903330            26.400000             2.400000             2.308630             9.225553             5.880000             0.120000             0.606806 
Rh_Au(111)_CH3_on_Au(111)                  0.169945             3.465044             3.000000             2.170042            24.440000             2.360000             1.918087             8.636669             2.939999             9.000000             7.500000            26.400000             2.400000            10.000000             1.000000           134.000000            79.000000             2.308630             9.225553             2.952335            25.746667             2.386667             2.178449             9.029258             0.653333             0.013333             1.487152 
Ni_Cu(111)_CH3_on_Ni                       0.167967             3.289805             3.000000             1.902888            20.900000             1.900000             1.235000             7.726380             2.978692             9.000000             7.500000            19.100000             1.910000             8.000000             2.000000           115.000000            28.000000             1.156000             7.639877             2.537709            20.900000             1.900000             1.235000             7.726380             1.800000             0.010000             1.401162 
Ni_Cu(111)_CH3_on_Cu(111)                  0.848474             3.144328             3.000000             1.888758            20.300000             1.903333             1.208667             7.697546             3.250236             9.000000             7.500000            20.900000             1.900000            10.000000             1.000000           118.000000            29.000000             1.235000             7.726380             2.568646            20.700000             1.901111             1.226222             7.716769             0.200000             0.001111             1.733969 
Pd_Cu(111)_CH3_on_Pd                       0.382832             3.159715             3.000000             1.906307            20.900000             1.900000             1.235000             7.726380             2.978692             9.000000             7.500000            22.000000             2.200000            10.000000             0.000000           128.000000            46.000000             0.562000             8.336860             2.626733            20.900000             1.900000             1.235000             7.726380             1.100000             0.300000             1.568723 
Pd_Cu(111)_CH3_on_Cu(111)                  0.487039             3.424977             3.000000             1.967797            21.266667             2.000000             1.010667             7.929873             2.808373             9.000000             7.500000            20.900000             1.900000            10.000000             1.000000           118.000000            29.000000             1.235000             7.726380             2.570101            21.022222             1.933333             1.160222             7.794211             0.122222             0.033333             1.738762 
Pt_Cu(111)_CH3_on_Pt                       0.019963             3.280405             3.000000             1.904586            20.900000             1.900000             1.235000             7.726380             2.978692             9.000000             7.500000            22.000000             2.200000             9.000000             1.000000           130.000000            78.000000             2.128000             8.958830             2.606498            20.900000             1.900000             1.235000             7.726380             1.100000             0.300000             1.505485 
Pt_Cu(111)_CH3_on_Cu(111)                  0.509516             3.354636             3.000000             1.969026            21.266667             2.000000             1.532667             8.137197             3.431956             9.000000             7.500000            20.900000             1.900000            10.000000             1.000000           118.000000            29.000000             1.235000             7.726380             2.571559            21.022222             1.933333             1.334222             7.863319             0.122222             0.033333             1.687950 
Ir_Cu(111)_CH3_on_Ir                      -0.195234             3.313837             3.000000             1.903316            20.900000             1.900000             1.235000             7.726380             2.978692             9.000000             7.500000            19.800000             2.200000             7.000000             2.000000           127.000000            77.000000             1.563800             8.967020             2.583381            20.900000             1.900000             1.235000             7.726380             1.100000             0.300000             1.209027 
Ir_Cu(111)_CH3_on_Cu(111)                  1.099153             3.262424             3.000000             1.961724            20.533333             2.000000             1.344600             8.139927             3.416064             9.000000             7.500000            20.900000             1.900000            10.000000             1.000000           118.000000            29.000000             1.235000             7.726380             2.572040            20.777778             1.933333             1.271533             7.864229             0.122222             0.033333             1.778059 
Rh_Cu(111)_CH3_on_Rh                       0.083702             3.171320             3.000000             1.902748            20.900000             1.900000             1.235000             7.726380             2.978692             9.000000             7.500000            20.520000             2.280000             8.000000             1.000000           125.000000            45.000000             1.137000             7.458900             2.601846            20.900000             1.900000             1.235000             7.726380             0.380000             0.380000             1.268598 
Rh_Cu(111)_CH3_on_Cu(111)                  0.869065             3.313423             3.000000             1.942442            20.773333             2.026667             1.202333             7.637220             3.384972             9.000000             7.500000            20.900000             1.900000            10.000000             1.000000           118.000000            29.000000             1.235000             7.726380             2.570030            20.857778             1.942222             1.224111             7.696660             0.042222             0.042222             1.783040 
Ir_Ag(110)_CH3_on_Ir                      -1.556324             3.185344             3.000000             2.241957            21.230000             1.930000             1.302000             7.576234             2.290504             7.000000             5.750000            19.800000             2.200000             7.000000             2.000000           127.000000            77.000000             1.563800             8.967020             2.817828            21.230000             1.930000             1.302000             7.576234             1.430000             0.270000             0.381453 
Ir_Ag(110)_CH3_on_Ag(110)                  0.892217             3.441937             1.000000             1.761617            19.800000             2.200000             1.563800             8.967020             4.290809             7.000000             5.750000            21.230000             1.930000            10.000000             1.000000           134.000000            47.000000             1.302000             7.576234             2.922035            21.025714             1.968571             1.339400             7.774918             0.204286             0.038571             1.508534 
Ni_Ag(110)_CH3_on_Ni                      -0.955159             3.244519             3.000000             2.234233            21.230000             1.930000             1.302000             7.576234             2.290504             7.000000             5.750000            19.100000             1.910000             8.000000             2.000000           115.000000            28.000000             1.156000             7.639878             2.759505            21.230000             1.930000             1.302000             7.576234             2.130000             0.020000             0.466837 
Ni_Ag(110)_CH3_on_Ag(110)                  0.365448             4.084259             3.000000             2.131925            20.520000             1.923333             1.253333             7.597449             2.791444             7.000000             5.750000            21.230000             1.930000            10.000000             1.000000           134.000000            47.000000             1.302000             7.576234             2.901016            20.925714             1.927143             1.281143             7.585326             0.304286             0.002857             1.385831 
Pd_Ag(110)_CH3_on_Pd                      -0.530117             3.126737             3.000000             2.243515            21.230000             1.930000             1.302000             7.576234             2.290504             7.000000             5.750000            22.000000             2.200000            10.000000             0.000000           128.000000            46.000000             0.562000             8.336839             2.866740            21.230000             1.930000             1.302000             7.576234             0.770000             0.270000             0.798457 
Pd_Ag(110)_CH3_on_Ag(110)                 -0.082825             3.182068             3.000000             2.191979            21.486667             2.020000             1.055333             7.829769             2.349581             7.000000             5.750000            21.230000             1.930000            10.000000             1.000000           134.000000            47.000000             1.302000             7.576234             2.942505            21.230000             1.930000             1.302000             7.576234             0.000000             0.000000             0.949089 
Pt_Ag(110)_CH3_on_Pt                      -1.131706             3.346476             3.000000             2.221765            21.230000             1.930000             1.302000             7.576234             2.290504             7.000000             5.750000            22.000000             2.200000             9.000000             1.000000           130.000000            78.000000             2.128000             8.958830             2.837953            21.230000             1.930000             1.302000             7.576234             0.770000             0.270000             0.706452 
Pt_Ag(110)_CH3_on_Ag(110)                  0.237849             4.349705             3.000000             2.221719            21.486667             2.020000             1.577333             8.037099             2.973164             7.000000             5.750000            21.230000             1.930000            10.000000             1.000000           134.000000            47.000000             1.302000             7.576234             2.906375            21.340000             1.968571             1.420000             7.773748             0.110000             0.038571             1.333114 
Rh_Ag(110)_CH3_on_Rh                      -1.004622             3.129193             3.000000             2.244069            21.230000             1.930000             1.302000             7.576234             2.290504             7.000000             5.750000            20.520000             2.280000             8.000000             1.000000           125.000000            45.000000             1.137000             7.458900             2.846942            21.230000             1.930000             1.302000             7.576234             0.710000             0.350000             0.573601 
Rh_Ag(110)_CH3_on_Ag(110)                  0.475006             4.154816             2.000000             2.059396            20.875000             2.105000             1.219500             7.517567             3.244017             7.000000             5.750000            21.230000             1.930000            10.000000             1.000000           134.000000            47.000000             1.302000             7.576234             2.911506            21.128571             1.980000             1.278429             7.559472             0.101429             0.050000             1.363003 
Ir_Au(110)_CH3_on_Ir                      -1.567277             4.516110             2.000000             2.066150            26.400000             2.400000             2.308630             9.225554             2.311233             7.000000             5.750000            19.800000             2.200000             7.000000             2.000000           127.000000            77.000000             1.563800             8.967020             2.803464            26.400000             2.400000             2.308630             9.225554             6.600000             0.200000             0.466878 
Ir_Au(110)_CH3_on_Au(110)                  0.418451             3.433767             1.000000             1.752254            19.800000             2.200000             1.563800             8.967020             4.290809             7.000000             5.750000            26.400000             2.400000            10.000000             1.000000           134.000000            79.000000             2.308630             9.225554             2.913639            25.457143             2.371429             2.202226             9.188621             0.942857             0.028571             1.412120 
Ni_Au(110)_CH3_on_Ni                      -0.993960             4.757764             2.000000             2.065190            26.400000             2.400000             2.308630             9.225554             2.311233             7.000000             5.750000            19.100000             1.910000             8.000000             2.000000           115.000000            28.000000             1.156000             7.639878             2.751720            26.400000             2.400000             2.308630             9.225554             7.300000             0.490000             0.558324 
Ni_Au(110)_CH3_on_Au(110)                 -0.263249             4.164335             2.000000             1.943232            22.750000             2.155000             1.732315             8.432716             3.052278             7.000000             5.750000            26.400000             2.400000            10.000000             1.000000           134.000000            79.000000             2.308630             9.225554             2.891213            25.357143             2.330000             2.143969             8.999029             1.042857             0.070000             1.198163 
Pd_Au(110)_CH3_on_Pd                      -0.660225             4.190237             2.000000             2.073350            26.400000             2.400000             2.308630             9.225554             2.311233             7.000000             5.750000            22.000000             2.200000            10.000000             0.000000           128.000000            46.000000             0.562000             8.336839             2.876191            26.400000             2.400000             2.308630             9.225554             4.400000             0.200000             0.832347 
Pd_Au(110)_CH3_on_Au(110)                 -0.647902             3.518503             3.000000             2.178774            24.933333             2.333333             1.726420             8.929316             2.363400             7.000000             5.750000            26.400000             2.400000            10.000000             1.000000           134.000000            79.000000             2.308630             9.225554             2.929878            26.400000             2.400000             2.308630             9.225554             0.000000             0.000000             1.033202 
Pt_Au(110)_CH3_on_Pt                      -1.284559             4.529706             2.000000             2.067004            26.400000             2.400000             2.308630             9.225554             2.311233             7.000000             5.750000            22.000000             2.200000             9.000000             1.000000           130.000000            78.000000             2.128000             8.958830             2.843140            26.400000             2.400000             2.308630             9.225554             4.400000             0.200000             0.659519 
Pt_Au(110)_CH3_on_Au(110)                 -0.250704             4.338218             2.000000             2.048313            24.200000             2.300000             2.218315             9.092192             3.324859             7.000000             5.750000            26.400000             2.400000            10.000000             1.000000           134.000000            79.000000             2.308630             9.225554             2.894878            25.771429             2.371429             2.282826             9.187451             0.628571             0.028571             1.210386 
Rh_Au(110)_CH3_on_Rh                      -1.150439             4.601229             2.000000             2.066924            26.400000             2.400000             2.308630             9.225554             2.311233             7.000000             5.750000            20.520000             2.280000             8.000000             1.000000           125.000000            45.000000             1.137000             7.458900             2.841218            26.400000             2.400000             2.308630             9.225554             5.880000             0.120000             0.608844 
Rh_Au(110)_CH3_on_Au(110)                  0.051016             4.211107             2.000000             2.036446            23.460000             2.340000             1.722815             8.342227             3.254382             7.000000             5.750000            26.400000             2.400000            10.000000             1.000000           134.000000            79.000000             2.308630             9.225554             2.893174            25.560000             2.382857             2.141254             8.973175             0.840000             0.017143             1.258815 
Ir_Cu(110)_CH3_on_Ir                      -1.093415             3.039157             3.000000             1.956047            20.900000             1.900000             1.235000             7.726380             2.978692             7.000000             5.750000            19.800000             2.200000             7.000000             2.000000           127.000000            77.000000             1.563800             8.967020             2.566135            20.900000             1.900000             1.235000             7.726380             1.100000             0.300000             0.639338 
Ir_Cu(110)_CH3_on_Cu(110)                  0.394825             4.007259             2.000000             1.905400            20.350000             2.050000             1.399400             8.346700             3.634751             7.000000             5.750000            20.900000             1.900000            10.000000             1.000000           118.000000            29.000000             1.235000             7.726380             2.530313            20.742857             1.942857             1.281971             7.903614             0.157143             0.042857             1.447448 
Ni_Cu(110)_CH3_on_Ni                      -0.494270             2.962278             3.000000             1.947216            20.900000             1.900000             1.235000             7.726380             2.978692             7.000000             5.750000            19.100000             1.910000             8.000000             2.000000           115.000000            28.000000             1.156000             7.639878             2.511874            20.900000             1.900000             1.235000             7.726380             1.800000             0.010000             0.763847 
Ni_Cu(110)_CH3_on_Cu(110)                  0.039069             3.046198             3.000000             1.928424            20.300000             1.903333             1.208667             7.697546             3.250236             7.000000             5.750000            20.900000             1.900000            10.000000             1.000000           118.000000            29.000000             1.235000             7.726380             2.551317            20.900000             1.900000             1.235000             7.726380             0.000000             0.000000             1.060139 
Pd_Cu(110)_CH3_on_Pd                      -0.129706             2.947381             3.000000             1.948753            20.900000             1.900000             1.235000             7.726380             2.978692             7.000000             5.750000            22.000000             2.200000            10.000000             0.000000           128.000000            46.000000             0.562000             8.336839             2.631961            20.900000             1.900000             1.235000             7.726380             1.100000             0.300000             1.083660 
Pd_Cu(110)_CH3_on_Cu(110)                 -0.498868             3.170257             4.000000             2.068037            21.175000             1.975000             1.066750             7.878995             2.850952             7.000000             5.750000            20.900000             1.900000            10.000000             1.000000           118.000000            29.000000             1.235000             7.726380             2.545001            20.900000             1.900000             1.235000             7.726380             0.000000             0.000000             0.827996 
Pt_Cu(110)_CH3_on_Pt                      -0.698201             3.073262             3.000000             1.946436            20.900000             1.900000             1.235000             7.726380             2.978692             7.000000             5.750000            22.000000             2.200000             9.000000             1.000000           130.000000            78.000000             2.128000             8.958830             2.598540            20.900000             1.900000             1.235000             7.726380             1.100000             0.300000             0.943079 
Pt_Cu(110)_CH3_on_Cu(110)                  0.037629             4.097732             2.000000             1.910873            21.450000             2.050000             1.681500             8.342605             3.658588             7.000000             5.750000            20.900000             1.900000            10.000000             1.000000           118.000000            29.000000             1.235000             7.726380             2.528041            21.057143             1.942857             1.362571             7.902444             0.157143             0.042857             1.450406 
Rh_Cu(110)_CH3_on_Rh                      -0.575306             2.882462             3.000000             1.959416            20.900000             1.900000             1.235000             7.726380             2.978692             7.000000             5.750000            20.520000             2.280000             8.000000             1.000000           125.000000            45.000000             1.137000             7.458900             2.598455            20.900000             1.900000             1.235000             7.726380             0.380000             0.380000             0.841514 
Rh_Cu(110)_CH3_on_Cu(110)                 -0.072180             3.053203             3.000000             2.007510            20.773333             2.026667             1.202333             7.637220             3.384972             7.000000             5.750000            20.900000             1.900000            10.000000             1.000000           118.000000            29.000000             1.235000             7.726380             2.546473            20.900000             1.900000             1.235000             7.726380             0.000000             0.000000             1.047441 
