Sc_Au(111)                                             8    36    17             0.474998
Sc_Au(111)                                             9    36    17             0.474998
Ti_Au(111)                                             6    36    17             0.477223
Ti_Au(111)                                             7    36    17             0.477223
Ti_Au(111)                                             8    36    17             0.474998
Ti_Au(111)                                             9    36    17             0.474998
V_Au(111)                                              8    36    17             0.474998
V_Au(111)                                              9    36    17             0.474998
Cr_Au(111)                                             8    36    17             0.474998
Cr_Au(111)                                             9    36    17             0.474998
Mn_Au(111)                                             8    36    17             0.474998
Mn_Au(111)                                             9    36    17             0.474998
Fe_Au(111)                                             8    36    17             0.474998
Fe_Au(111)                                             9    36    17             0.474998
Co_Au(111)                                             8    36    17             0.474998
Co_Au(111)                                             9    36    17             0.474998
Ga_Au(111)                                             8    36    17             0.474998
Ga_Au(111)                                             9    36    17             0.474998
Ge_Au(111)                                             8    36    17             0.474998
Ge_Au(111)                                             9    36    17             0.474998
Y_Au(111)                                              8    36    17             0.474998
Y_Au(111)                                              9    36    17             0.474998
Zr_Au(111)                                             8    36    17             0.474998
Zr_Au(111)                                             9    36    17             0.474998
Nb_Au(111)                                             6    36    17             0.477223
Nb_Au(111)                                             7    36    17             0.477223
Nb_Au(111)                                             8    36    17             0.474998
Nb_Au(111)                                             9    36    17             0.474998
Mo_Au(111)                                             6    36    17             0.477223
Mo_Au(111)                                             7    36    17             0.477223
Mo_Au(111)                                             8    36    17             0.474998
Mo_Au(111)                                             9    36    17             0.474998
Tc_Au(111)                                             8    36    17             0.474998
Tc_Au(111)                                             9    36    17             0.474998
Ru_Au(111)                                             8    36    17             0.474998
Ru_Au(111)                                             9    36    17             0.474998
In_Au(111)                                             6    36    17             0.477223
In_Au(111)                                             7    36    17             0.477223
In_Au(111)                                             8    36    17             0.474998
In_Au(111)                                             9    36    17             0.474998
Sn_Au(111)                                             6    36    17             0.477223
Sn_Au(111)                                             7    36    17             0.477223
Sn_Au(111)                                             8    36    17             0.474998
Sn_Au(111)                                             9    36    17             0.474998
Hf_Au(111)                                             8    36    17             0.474998
Hf_Au(111)                                             9    36    17             0.474998
Ta_Au(111)                                             6    36    17             0.477223
Ta_Au(111)                                             7    36    17             0.477223
Ta_Au(111)                                             8    36    17             0.474998
Ta_Au(111)                                             9    36    17             0.474998
W_Au(111)                                              6    36    17             0.477223
W_Au(111)                                              7    36    17             0.477223
W_Au(111)                                              8    36    17             0.474998
W_Au(111)                                              9    36    17             0.474998
Re_Au(111)                                             8    36    17             0.474998
Re_Au(111)                                             9    36    17             0.474998
Os_Au(111)                                             8    36    17             0.474998
Os_Au(111)                                             9    36    17             0.474998
Tl_Au(111)                                             8    36    17             0.474998
Tl_Au(111)                                             9    36    17             0.474998
Pb_Au(111)                                             0    36    17             0.477223
Pb_Au(111)                                             8    36    17             0.474998
Pb_Au(111)                                             9    36    17             0.474998
Sc_Ag(111)                                             6    36    17             0.496636
Sc_Ag(111)                                            10    36    17             0.496636
Ti_Ag(111)                                             6    36    17             0.496636
Ti_Ag(111)                                             7    36    17             0.492772
Ti_Ag(111)                                             9    36    17             0.492772
Ti_Ag(111)                                            10    36    17             0.496636
V_Ag(111)                                              6    36    17             0.496636
V_Ag(111)                                             10    36    17             0.496636
Cr_Ag(111)                                             6    36    17             0.496636
Cr_Ag(111)                                            10    36    17             0.496636
Mn_Ag(111)                                             6    36    17             0.496636
Mn_Ag(111)                                            10    36    17             0.496636
Ga_Ag(111)                                             6    36    17             0.496636
Ga_Ag(111)                                            10    36    17             0.496636
Ge_Ag(111)                                             6    36    17             0.496636
Ge_Ag(111)                                            10    36    17             0.496636
Y_Ag(111)                                              6    36    17             0.496636
Y_Ag(111)                                             10    36    17             0.496636
Zr_Ag(111)                                             6    36    17             0.496636
Zr_Ag(111)                                            10    36    17             0.496636
Nb_Ag(111)                                             6    36    17             0.496636
Nb_Ag(111)                                             7    36    17             0.492772
Nb_Ag(111)                                             9    36    17             0.492772
Nb_Ag(111)                                            10    36    17             0.496636
Mo_Ag(111)                                             6    36    17             0.496636
Mo_Ag(111)                                             7    36    17             0.492772
Mo_Ag(111)                                             9    36    17             0.492772
Mo_Ag(111)                                            10    36    17             0.496636
In_Ag(111)                                             6    36    17             0.496636
In_Ag(111)                                             7    36    17             0.492772
In_Ag(111)                                             9    36    17             0.492772
In_Ag(111)                                            10    36    17             0.496636
Sn_Ag(111)                                             6    36    17             0.496636
Sn_Ag(111)                                             7    36    17             0.492772
Sn_Ag(111)                                             9    36    17             0.492772
Sn_Ag(111)                                            10    36    17             0.496636
Hf_Ag(111)                                             6    36    17             0.496636
Hf_Ag(111)                                            10    36    17             0.496636
Ta_Ag(111)                                             6    36    17             0.496636
Ta_Ag(111)                                             7    36    17             0.492772
Ta_Ag(111)                                             9    36    17             0.492772
Ta_Ag(111)                                            10    36    17             0.496636
W_Ag(111)                                              6    36    17             0.496636
W_Ag(111)                                              7    36    17             0.492772
W_Ag(111)                                              9    36    17             0.492772
W_Ag(111)                                             10    36    17             0.496636
Re_Ag(111)                                             6    36    17             0.496636
Re_Ag(111)                                            10    36    17             0.496636
Tl_Ag(111)                                             6    36    17             0.496636
Tl_Ag(111)                                            10    36    17             0.496636
Pb_Ag(111)                                             2    36    17             0.492772
Pb_Ag(111)                                             6    36    17             0.496636
Pb_Ag(111)                                            10    36    17             0.496636
Sc_Cu(111)                                             7    36    33             0.486070
Sc_Cu(111)                                            11    36    21             0.486070
Y_Cu(111)                                              7    36    17             0.483694
Y_Cu(111)                                             11    36    17             0.483694
Zr_Cu(111)                                             7    36     1             0.486070
Zr_Cu(111)                                             7    36    33             0.486070
Zr_Cu(111)                                            11    36    13             0.486070
Zr_Cu(111)                                            11    36    21             0.486070
Hf_Cu(111)                                             7    36    33             0.486070
Hf_Cu(111)                                            11    36    21             0.486070
Tl_Cu(111)                                             7    36    33             0.486070
Tl_Cu(111)                                            11    36    21             0.486070
Sc_Au(100)                                             4    36    17             0.431610
Sc_Au(100)                                             5    36    17             0.461877
Sc_Au(100)                                             6    36    17             0.459219
Ti_Au(100)                                             4    36    17             0.431610
Ti_Au(100)                                             5    36    17             0.476958
Ti_Au(100)                                             6    36    17             0.459219
V_Au(100)                                              4    36    17             0.431610
V_Au(100)                                              5    36    17             0.476958
Cr_Au(100)                                             4    36    17             0.431610
Cr_Au(100)                                             5    36    17             0.476958
Mn_Au(100)                                             4    36    17             0.431610
Mn_Au(100)                                             5    36    17             0.476958
Fe_Au(100)                                             4    36    17             0.431610
Fe_Au(100)                                             5    36    17             0.476958
Co_Au(100)                                             4    36    17             0.431610
Co_Au(100)                                             5    36    17             0.408224
Zn_Au(100)                                             4    36    17             0.491526
Zn_Au(100)                                             5    36    17             0.493754
Ga_Au(100)                                             4    36    17             0.431610
Ga_Au(100)                                             5    36    17             0.476958
Ga_Au(100)                                             6    36    17             0.459219
Ge_Au(100)                                             4    36    17             0.431610
Ge_Au(100)                                             5    36    17             0.476958
Ge_Au(100)                                             6    36    17             0.459219
Y_Au(100)                                              4    36    17             0.431610
Y_Au(100)                                              5    36    17             0.461877
Y_Au(100)                                              6    36    17             0.476958
Zr_Au(100)                                             4    36    17             0.431610
Zr_Au(100)                                             5    36    17             0.461877
Zr_Au(100)                                             6    36    17             0.459219
Nb_Au(100)                                             4    36    17             0.431610
Nb_Au(100)                                             5    36    17             0.476958
Nb_Au(100)                                             6    36    17             0.459219
Mo_Au(100)                                             4    36    17             0.431610
Mo_Au(100)                                             5    36    17             0.476958
Mo_Au(100)                                             6    36    17             0.459219
Tc_Au(100)                                             4    36    17             0.431610
Tc_Au(100)                                             5    36    17             0.476958
Tc_Au(100)                                             6    36    17             0.459219
Ru_Au(100)                                             4    36    17             0.431610
Ru_Au(100)                                             5    36    17             0.476958
Ru_Au(100)                                             6    36    17             0.459219
In_Au(100)                                             4    36    17             0.431610
In_Au(100)                                             5    36    17             0.461877
In_Au(100)                                             6    36    17             0.459219
Sn_Au(100)                                             4    36    17             0.431610
Sn_Au(100)                                             5    36    17             0.461877
Sn_Au(100)                                             6    36    17             0.459219
Hf_Au(100)                                             4    36    17             0.431610
Hf_Au(100)                                             5    36    17             0.461877
Hf_Au(100)                                             6    36    17             0.459219
Ta_Au(100)                                             4    36    17             0.431610
Ta_Au(100)                                             5    36    17             0.476958
Ta_Au(100)                                             6    36    17             0.459219
W_Au(100)                                              4    36    17             0.431610
W_Au(100)                                              5    36    17             0.476958
W_Au(100)                                              6    36    17             0.459219
Re_Au(100)                                             4    36    17             0.431610
Re_Au(100)                                             5    36    17             0.476958
Re_Au(100)                                             6    36    17             0.459219
Os_Au(100)                                             4    36    17             0.431610
Os_Au(100)                                             5    36    17             0.476958
Os_Au(100)                                             6    36    17             0.459219
Tl_Au(100)                                             4    36    17             0.431610
Tl_Au(100)                                             5    36    17             0.461877
Tl_Au(100)                                             6    36    17             0.459219
Pb_Au(100)                                             4    36    17             0.431610
Pb_Au(100)                                             5    36    17             0.461877
Pb_Au(100)                                             6    36    17             0.408224
Sc_Ag(100)                                             2    36    17             0.438834
Sc_Ag(100)                                             3    36    17             0.460353
Sc_Ag(100)                                             4    36    17             0.457080
Ti_Ag(100)                                             2    36    17             0.438834
Ti_Ag(100)                                             3    36    17             0.460353
Ti_Ag(100)                                             4    36    17             0.472162
V_Ag(100)                                              2    36    17             0.438834
V_Ag(100)                                              4    36    17             0.472162
Cr_Ag(100)                                             2    36    17             0.438834
Cr_Ag(100)                                             4    36    17             0.472162
Mn_Ag(100)                                             2    36    17             0.438834
Mn_Ag(100)                                             4    36    17             0.472162
Fe_Ag(100)                                             2    36    17             0.456598
Fe_Ag(100)                                             4    36    17             0.489926
Co_Ag(100)                                             2    36    17             0.456598
Co_Ag(100)                                             4    36    17             0.427123
Zn_Ag(100)                                             2    36    17             0.471713
Zn_Ag(100)                                             4    36    17             0.486111
Ga_Ag(100)                                             2    36    17             0.438834
Ga_Ag(100)                                             3    36    17             0.460353
Ga_Ag(100)                                             4    36    17             0.472162
Ge_Ag(100)                                             2    36    17             0.438834
Ge_Ag(100)                                             3    36    17             0.460353
Ge_Ag(100)                                             4    36    17             0.472162
Y_Ag(100)                                              2    36    17             0.438834
Y_Ag(100)                                              3    36    17             0.472162
Y_Ag(100)                                              4    36    17             0.457080
Zr_Ag(100)                                             2    36    17             0.438834
Zr_Ag(100)                                             3    36    17             0.460353
Zr_Ag(100)                                             4    36    17             0.457080
Nb_Ag(100)                                             2    36    17             0.438834
Nb_Ag(100)                                             3    36    17             0.460353
Nb_Ag(100)                                             4    36    17             0.472162
Mo_Ag(100)                                             2    36    17             0.438834
Mo_Ag(100)                                             3    36    17             0.460353
Mo_Ag(100)                                             4    36    17             0.472162
Tc_Ag(100)                                             2    36    17             0.456598
Tc_Ag(100)                                             3    36    17             0.478118
Tc_Ag(100)                                             4    36    17             0.489926
Ru_Ag(100)                                             2    36    17             0.456598
Ru_Ag(100)                                             3    36    17             0.478118
Ru_Ag(100)                                             4    36    17             0.489926
In_Ag(100)                                             2    36    17             0.438834
In_Ag(100)                                             3    36    17             0.460353
In_Ag(100)                                             4    36    17             0.457080
Sn_Ag(100)                                             2    36    17             0.438834
Sn_Ag(100)                                             3    36    17             0.460353
Sn_Ag(100)                                             3    36    29             0.497381
Sn_Ag(100)                                             4    36    17             0.457080
Hf_Ag(100)                                             2    36    17             0.438834
Hf_Ag(100)                                             3    36    17             0.460353
Hf_Ag(100)                                             4    36    17             0.457080
Ta_Ag(100)                                             2    36    17             0.438834
Ta_Ag(100)                                             3    36    17             0.460353
Ta_Ag(100)                                             4    36    17             0.472162
W_Ag(100)                                              2    36    17             0.438834
W_Ag(100)                                              3    36    17             0.460353
W_Ag(100)                                              4    36    17             0.472162
Re_Ag(100)                                             2    36    17             0.438834
Re_Ag(100)                                             3    36    17             0.460353
Re_Ag(100)                                             4    36    17             0.472162
Os_Ag(100)                                             2    36    17             0.456598
Os_Ag(100)                                             3    36    17             0.478118
Os_Ag(100)                                             4    36    17             0.489926
Tl_Ag(100)                                             2    36    17             0.438834
Tl_Ag(100)                                             3    36    17             0.460353
Tl_Ag(100)                                             4    36    17             0.457080
Pb_Ag(100)                                             2    36    17             0.438834
Pb_Ag(100)                                             3    36    17             0.409358
Pb_Ag(100)                                             3    36    29             0.482642
Pb_Ag(100)                                             4    36    17             0.457080
Sc_Cu(100)                                            12    36    29             0.464306
Ti_Cu(100)                                             0    36     5             0.464306
Ti_Cu(100)                                             0    36    13             0.464306
Ti_Cu(100)                                             0    36    17             0.400280
Ti_Cu(100)                                             4    36    17             0.444251
Ti_Cu(100)                                             7    36    17             0.400280
Ti_Cu(100)                                             8    36    17             0.456609
Ti_Cu(100)                                             9    36    13             0.464306
Ti_Cu(100)                                             9    36    29             0.464306
Ti_Cu(100)                                            12    36    17             0.448003
V_Cu(100)                                              0    36     5             0.464306
V_Cu(100)                                              0    36    13             0.464306
V_Cu(100)                                              0    36    17             0.400280
V_Cu(100)                                              4    36    17             0.444251
V_Cu(100)                                              7    36    17             0.451275
V_Cu(100)                                              8    36    17             0.456609
V_Cu(100)                                             12    36    17             0.448003
Cr_Cu(100)                                             0    36     5             0.464306
Cr_Cu(100)                                             0    36    13             0.464306
Cr_Cu(100)                                             0    36    17             0.400280
Cr_Cu(100)                                             4    36    17             0.444251
Cr_Cu(100)                                             7    36    17             0.451275
Cr_Cu(100)                                             8    36    17             0.456609
Cr_Cu(100)                                            12    36    17             0.448003
Mn_Cu(100)                                             0    36     5             0.489100
Mn_Cu(100)                                             0    36    13             0.489100
Mn_Cu(100)                                             0    36    17             0.400280
Mn_Cu(100)                                             4    36    17             0.444251
Mn_Cu(100)                                             7    36    17             0.451275
Mn_Cu(100)                                             8    36    17             0.456609
Mn_Cu(100)                                            12    36    17             0.448003
Fe_Cu(100)                                             0    36     5             0.489100
Fe_Cu(100)                                             0    36    13             0.489100
Fe_Cu(100)                                             0    36    17             0.418045
Fe_Cu(100)                                             4    36    17             0.462016
Fe_Cu(100)                                             7    36    17             0.469040
Fe_Cu(100)                                             8    36    17             0.474374
Fe_Cu(100)                                            12    36    17             0.465767
Co_Cu(100)                                             0    36    17             0.418045
Co_Cu(100)                                             4    36    17             0.462016
Co_Cu(100)                                             7    36    17             0.469040
Co_Cu(100)                                             8    36    17             0.474374
Co_Cu(100)                                            12    36    17             0.465767
Zn_Cu(100)                                             0    36    17             0.444628
Zn_Cu(100)                                             7    36    17             0.495623
Zn_Cu(100)                                            12    36    17             0.492351
Ga_Cu(100)                                             0    36     5             0.464306
Ga_Cu(100)                                             0    36    13             0.464306
Ga_Cu(100)                                             0    36    17             0.400280
Ga_Cu(100)                                             4    36    17             0.444251
Ga_Cu(100)                                             7    36    17             0.400280
Ga_Cu(100)                                             8    36    17             0.456609
Ga_Cu(100)                                             9    36    13             0.464306
Ga_Cu(100)                                            12    36    17             0.448003
Ge_Cu(100)                                             0    36     5             0.473019
Ge_Cu(100)                                             0    36    13             0.473019
Ge_Cu(100)                                             0    36    17             0.400280
Ge_Cu(100)                                             4    36    17             0.444251
Ge_Cu(100)                                             7    36    17             0.400280
Ge_Cu(100)                                             8    36    17             0.456609
Ge_Cu(100)                                            12    36    17             0.448003
Y_Cu(100)                                              1    36    17             0.483694
Nb_Cu(100)                                             0    36     5             0.464306
Nb_Cu(100)                                             0    36    13             0.464306
Nb_Cu(100)                                             0    36    17             0.400280
Nb_Cu(100)                                             4    36    17             0.444251
Nb_Cu(100)                                             7    36    17             0.400280
Nb_Cu(100)                                             8    36    17             0.456609
Nb_Cu(100)                                             9    36    13             0.464306
Nb_Cu(100)                                             9    36    29             0.464306
Nb_Cu(100)                                            12    36    17             0.448003
Mo_Cu(100)                                             0    36     5             0.480470
Mo_Cu(100)                                             0    36    13             0.480470
Mo_Cu(100)                                             0    36    17             0.400280
Mo_Cu(100)                                             4    36    17             0.444251
Mo_Cu(100)                                             7    36    17             0.400280
Mo_Cu(100)                                             8    36    17             0.456609
Mo_Cu(100)                                             9    36    13             0.480470
Mo_Cu(100)                                             9    36    29             0.480470
Mo_Cu(100)                                            12    36    17             0.448003
Tc_Cu(100)                                             0    36     5             0.483425
Tc_Cu(100)                                             0    36    13             0.483425
Tc_Cu(100)                                             0    36    17             0.418045
Tc_Cu(100)                                             4    36    17             0.462016
Tc_Cu(100)                                             7    36    17             0.418045
Tc_Cu(100)                                             8    36    17             0.474374
Tc_Cu(100)                                             9    36    13             0.483425
Tc_Cu(100)                                             9    36    29             0.483425
Tc_Cu(100)                                            12    36    17             0.465767
Ru_Cu(100)                                             0    36    17             0.418045
Ru_Cu(100)                                             4    36    17             0.462016
Ru_Cu(100)                                             7    36    17             0.418045
Ru_Cu(100)                                             8    36    17             0.474374
Ru_Cu(100)                                            12    36    17             0.465767
Cd_Cu(100)                                             0    36    17             0.479137
Cd_Cu(100)                                             7    36    17             0.479137
In_Cu(100)                                             0    36    17             0.463084
In_Cu(100)                                             1    36    17             0.451275
In_Cu(100)                                             4    36    17             0.444251
In_Cu(100)                                             7    36    17             0.463084
In_Cu(100)                                             8    36    17             0.456609
In_Cu(100)                                            12    36    17             0.448003
Sn_Cu(100)                                             0    36    17             0.463084
Sn_Cu(100)                                             1    36    17             0.451275
Sn_Cu(100)                                             4    36    17             0.444251
Sn_Cu(100)                                             7    36    17             0.463084
Sn_Cu(100)                                             8    36    17             0.456609
Sn_Cu(100)                                            12    36    17             0.448003
Ta_Cu(100)                                             0    36     5             0.464306
Ta_Cu(100)                                             0    36    13             0.464306
Ta_Cu(100)                                             0    36    17             0.483694
Ta_Cu(100)                                             7    36    17             0.483694
Ta_Cu(100)                                             9    36    13             0.464306
Ta_Cu(100)                                             9    36    29             0.464306
W_Cu(100)                                              0    36     5             0.464306
W_Cu(100)                                              0    36    13             0.464306
W_Cu(100)                                              0    36    17             0.400280
W_Cu(100)                                              4    36    17             0.444251
W_Cu(100)                                              7    36    17             0.400280
W_Cu(100)                                              8    36    17             0.456609
W_Cu(100)                                              9    36    13             0.464306
W_Cu(100)                                              9    36    29             0.464306
W_Cu(100)                                             12    36    17             0.448003
Re_Cu(100)                                             0    36     5             0.489100
Re_Cu(100)                                             0    36    13             0.489100
Re_Cu(100)                                             0    36    17             0.400280
Re_Cu(100)                                             4    36    17             0.444251
Re_Cu(100)                                             7    36    17             0.400280
Re_Cu(100)                                             8    36    17             0.456609
Re_Cu(100)                                             9    36    13             0.489100
Re_Cu(100)                                             9    36    29             0.489100
Re_Cu(100)                                            12    36    17             0.448003
Os_Cu(100)                                             0    36    17             0.418045
Os_Cu(100)                                             4    36    17             0.462016
Os_Cu(100)                                             7    36    17             0.418045
Os_Cu(100)                                             8    36    17             0.474374
Os_Cu(100)                                            12    36    17             0.465767
Tl_Cu(100)                                             0    36    17             0.463084
Tl_Cu(100)                                             1    36    17             0.451275
Tl_Cu(100)                                             4    36    17             0.444251
Tl_Cu(100)                                             7    36    17             0.463084
Tl_Cu(100)                                             8    36    17             0.456609
Tl_Cu(100)                                            12    36    17             0.448003
Pb_Cu(100)                                             0    36    17             0.463084
Pb_Cu(100)                                             1    36     5             0.415028
Pb_Cu(100)                                             1    36    17             0.451275
Pb_Cu(100)                                             4    36    17             0.444251
Pb_Cu(100)                                             7    36    17             0.463084
Pb_Cu(100)                                             8    36    17             0.456609
Pb_Cu(100)                                            12    36    17             0.448003
Sc_Au(110)                                             3    36    17             0.442800
Sc_Au(110)                                             4    36    17             0.442800
Sc_Au(110)                                             8    36    17             0.412200
Sc_Au(110)                                             9    36    17             0.440142
Sc_Au(110)                                            13    36    17             0.425685
Sc_Au(110)                                            16    36    17             0.442800
Sc_Au(110)                                            17    36    17             0.389147
Ti_Au(110)                                             3    36    17             0.442800
Ti_Au(110)                                             4    36    17             0.442800
Ti_Au(110)                                             8    36    17             0.412200
Ti_Au(110)                                             9    36    17             0.440142
Ti_Au(110)                                            13    36    17             0.425685
Ti_Au(110)                                            16    36    17             0.442800
Ti_Au(110)                                            17    36    17             0.440142
V_Au(110)                                              3    36    17             0.457882
V_Au(110)                                              4    36    17             0.442800
V_Au(110)                                              8    36    17             0.412200
V_Au(110)                                             13    36    17             0.425685
V_Au(110)                                             16    36    17             0.442800
V_Au(110)                                             17    36    17             0.440142
Cr_Au(110)                                             3    36    17             0.457882
Cr_Au(110)                                             8    36    17             0.412200
Cr_Au(110)                                            13    36    17             0.425685
Cr_Au(110)                                            16    36    17             0.442800
Cr_Au(110)                                            17    36    17             0.440142
Mn_Au(110)                                             3    36    17             0.457882
Mn_Au(110)                                             8    36    17             0.412200
Mn_Au(110)                                            13    36    17             0.425685
Mn_Au(110)                                            16    36    17             0.442800
Fe_Au(110)                                             3    36    17             0.457882
Fe_Au(110)                                             8    36    17             0.412200
Fe_Au(110)                                            13    36    17             0.425685
Fe_Au(110)                                            16    36    17             0.442800
Co_Au(110)                                             3    36    17             0.457882
Co_Au(110)                                             8    36    17             0.412200
Co_Au(110)                                            13    36    17             0.425685
Co_Au(110)                                            16    36    17             0.442800
Zn_Au(110)                                             3    36    17             0.474678
Zn_Au(110)                                             8    36    17             0.472115
Zn_Au(110)                                            13    36    17             0.461412
Zn_Au(110)                                            16    36    17             0.459596
Zn_Au(110)                                            17    36    17             0.456938
Ga_Au(110)                                             3    36    17             0.457882
Ga_Au(110)                                             8    36    17             0.412200
Ga_Au(110)                                             9    36    17             0.440142
Ga_Au(110)                                            13    36    17             0.425685
Ga_Au(110)                                            16    36    17             0.442800
Ga_Au(110)                                            17    36    17             0.440142
Ge_Au(110)                                             3    36    17             0.457882
Ge_Au(110)                                             8    36    17             0.412200
Ge_Au(110)                                             9    36    17             0.440142
Ge_Au(110)                                            13    36    17             0.425685
Ge_Au(110)                                            16    36    17             0.442800
Ge_Au(110)                                            17    36    17             0.440142
Y_Au(110)                                              3    36    17             0.442800
Y_Au(110)                                              4    36    17             0.442800
Y_Au(110)                                              8    36    17             0.412200
Y_Au(110)                                              9    36    17             0.457882
Y_Au(110)                                             13    36    17             0.444616
Y_Au(110)                                             16    36    17             0.442800
Y_Au(110)                                             17    36    17             0.442800
Zr_Au(110)                                             3    36    17             0.442800
Zr_Au(110)                                             4    36    17             0.442800
Zr_Au(110)                                             8    36    17             0.412200
Zr_Au(110)                                             9    36    17             0.440142
Zr_Au(110)                                            13    36    17             0.425685
Zr_Au(110)                                            16    36    17             0.442800
Zr_Au(110)                                            17    36    17             0.389147
Nb_Au(110)                                             3    36    17             0.442800
Nb_Au(110)                                             4    36    17             0.442800
Nb_Au(110)                                             8    36    17             0.412200
Nb_Au(110)                                             9    36    17             0.440142
Nb_Au(110)                                            13    36    17             0.425685
Nb_Au(110)                                            16    36    17             0.442800
Nb_Au(110)                                            17    36    17             0.440142
Mo_Au(110)                                             3    36    17             0.442800
Mo_Au(110)                                             4    36    17             0.442800
Mo_Au(110)                                             8    36    17             0.412200
Mo_Au(110)                                             9    36    17             0.440142
Mo_Au(110)                                            13    36    17             0.425685
Mo_Au(110)                                            16    36    17             0.442800
Mo_Au(110)                                            17    36    17             0.440142
Tc_Au(110)                                             3    36    17             0.457882
Tc_Au(110)                                             8    36    17             0.412200
Tc_Au(110)                                             9    36    17             0.440142
Tc_Au(110)                                            13    36    17             0.425685
Tc_Au(110)                                            16    36    17             0.442800
Tc_Au(110)                                            17    36    17             0.440142
Ru_Au(110)                                             3    36    17             0.457882
Ru_Au(110)                                             8    36    17             0.412200
Ru_Au(110)                                             9    36    17             0.440142
Ru_Au(110)                                            13    36    17             0.425685
Ru_Au(110)                                            16    36    17             0.442800
Ru_Au(110)                                            17    36    17             0.440142
In_Au(110)                                             3    36    17             0.442800
In_Au(110)                                             8    36    17             0.412200
In_Au(110)                                             9    36    17             0.440142
In_Au(110)                                            13    36    17             0.425685
In_Au(110)                                            16    36    17             0.442800
In_Au(110)                                            17    36    17             0.389147
Sn_Au(110)                                             3    36    17             0.442800
Sn_Au(110)                                             8    36    17             0.412200
Sn_Au(110)                                             9    36    17             0.440142
Sn_Au(110)                                            13    36    17             0.425685
Sn_Au(110)                                            16    36    17             0.442800
Sn_Au(110)                                            17    36    17             0.389147
Hf_Au(110)                                             3    36    17             0.442800
Hf_Au(110)                                             4    36    17             0.442800
Hf_Au(110)                                             8    36    17             0.412200
Hf_Au(110)                                             9    36    17             0.440142
Hf_Au(110)                                            13    36    17             0.425685
Hf_Au(110)                                            16    36    17             0.442800
Hf_Au(110)                                            17    36    17             0.389147
Ta_Au(110)                                             3    36    17             0.442800
Ta_Au(110)                                             4    36    17             0.442800
Ta_Au(110)                                             8    36    17             0.412200
Ta_Au(110)                                             9    36    17             0.440142
Ta_Au(110)                                            13    36    17             0.425685
Ta_Au(110)                                            16    36    17             0.442800
Ta_Au(110)                                            17    36    17             0.440142
W_Au(110)                                              3    36    17             0.442800
W_Au(110)                                              4    36    17             0.442800
W_Au(110)                                              8    36    17             0.412200
W_Au(110)                                              9    36    17             0.440142
W_Au(110)                                             13    36    17             0.425685
W_Au(110)                                             16    36    17             0.442800
W_Au(110)                                             17    36    17             0.440142
Re_Au(110)                                             3    36    17             0.442800
Re_Au(110)                                             4    36    17             0.442800
Re_Au(110)                                             8    36    17             0.412200
Re_Au(110)                                             9    36    17             0.440142
Re_Au(110)                                            13    36    17             0.425685
Re_Au(110)                                            16    36    17             0.442800
Re_Au(110)                                            17    36    17             0.440142
Os_Au(110)                                             3    36    17             0.457882
Os_Au(110)                                             8    36    17             0.412200
Os_Au(110)                                             9    36    17             0.440142
Os_Au(110)                                            13    36    17             0.425685
Os_Au(110)                                            16    36    17             0.442800
Os_Au(110)                                            17    36    17             0.440142
Tl_Au(110)                                             3    36    17             0.442800
Tl_Au(110)                                             8    36    17             0.412200
Tl_Au(110)                                             9    36    17             0.440142
Tl_Au(110)                                            13    36    17             0.425685
Tl_Au(110)                                            16    36    17             0.442800
Tl_Au(110)                                            17    36    17             0.389147
Pb_Au(110)                                             3    36    17             0.442800
Pb_Au(110)                                             8    36    17             0.412200
Pb_Au(110)                                             9    36    17             0.389147
Pb_Au(110)                                            13    36    17             0.425685
Pb_Au(110)                                            16    36    17             0.442800
Pb_Au(110)                                            17    36    17             0.389147
Sc_Ag(110)                                             1    36    16             0.440553
Sc_Ag(110)                                             5    36    16             0.438004
Sc_Ag(110)                                             6    36    16             0.438004
Sc_Ag(110)                                             6    36    28             0.485687
Sc_Ag(110)                                             7    36    16             0.441276
Ti_Ag(110)                                             1    36    16             0.440553
Ti_Ag(110)                                             5    36    16             0.438004
Ti_Ag(110)                                             6    36    16             0.438004
Ti_Ag(110)                                             7    36    16             0.441276
V_Ag(110)                                              1    36    16             0.440553
V_Ag(110)                                              5    36    16             0.453085
V_Ag(110)                                              6    36    16             0.438004
Cr_Ag(110)                                             1    36    16             0.440553
Cr_Ag(110)                                             5    36    16             0.453085
Mn_Ag(110)                                             1    36    16             0.440553
Mn_Ag(110)                                             5    36    16             0.453085
Fe_Ag(110)                                             1    36    16             0.458318
Fe_Ag(110)                                             5    36    16             0.470850
Co_Ag(110)                                             1    36    16             0.458318
Co_Ag(110)                                             5    36    16             0.470850
Zn_Ag(110)                                             1    36    16             0.473433
Zn_Ag(110)                                             5    36    16             0.467034
Ga_Ag(110)                                             1    36    16             0.440553
Ga_Ag(110)                                             5    36    16             0.453085
Ga_Ag(110)                                             7    36    16             0.441276
Ge_Ag(110)                                             1    36    16             0.440553
Ge_Ag(110)                                             5    36    16             0.453085
Ge_Ag(110)                                             7    36    16             0.441276
Y_Ag(110)                                              1    36    16             0.440553
Y_Ag(110)                                              5    36    16             0.438004
Y_Ag(110)                                              6    36    16             0.411274
Y_Ag(110)                                              6    36    28             0.485687
Y_Ag(110)                                              7    36    16             0.453085
Zr_Ag(110)                                             1    36    16             0.440553
Zr_Ag(110)                                             5    36    16             0.438004
Zr_Ag(110)                                             6    36    16             0.438004
Zr_Ag(110)                                             6    36    28             0.485687
Zr_Ag(110)                                             7    36    16             0.441276
Nb_Ag(110)                                             1    36    16             0.440553
Nb_Ag(110)                                             5    36    16             0.438004
Nb_Ag(110)                                             6    36    16             0.438004
Nb_Ag(110)                                             7    36    16             0.441276
Mo_Ag(110)                                             1    36    16             0.440553
Mo_Ag(110)                                             5    36    16             0.453085
Mo_Ag(110)                                             6    36    16             0.438004
Mo_Ag(110)                                             7    36    16             0.441276
Tc_Ag(110)                                             1    36    16             0.458318
Tc_Ag(110)                                             5    36    16             0.470850
Tc_Ag(110)                                             7    36    16             0.459041
Ru_Ag(110)                                             1    36    16             0.458318
Ru_Ag(110)                                             5    36    16             0.470850
Ru_Ag(110)                                             7    36    16             0.459041
In_Ag(110)                                             1    36    16             0.440553
In_Ag(110)                                             5    36    16             0.438004
In_Ag(110)                                             7    36    16             0.441276
Sn_Ag(110)                                             1    36    16             0.440553
Sn_Ag(110)                                             5    36    16             0.438004
Sn_Ag(110)                                             7    36    16             0.441276
Sn_Ag(110)                                             7    36    28             0.478304
Hf_Ag(110)                                             1    36    16             0.440553
Hf_Ag(110)                                             5    36    16             0.438004
Hf_Ag(110)                                             6    36    16             0.438004
Hf_Ag(110)                                             6    36    28             0.485687
Hf_Ag(110)                                             7    36    16             0.441276
Ta_Ag(110)                                             1    36    16             0.440553
Ta_Ag(110)                                             5    36    16             0.438004
Ta_Ag(110)                                             6    36    16             0.438004
Ta_Ag(110)                                             7    36    16             0.441276
W_Ag(110)                                              1    36    16             0.440553
W_Ag(110)                                              5    36    16             0.453085
W_Ag(110)                                              6    36    16             0.438004
W_Ag(110)                                              7    36    16             0.441276
Re_Ag(110)                                             1    36    16             0.440553
Re_Ag(110)                                             5    36    16             0.453085
Re_Ag(110)                                             6    36    16             0.438004
Re_Ag(110)                                             7    36    16             0.441276
Os_Ag(110)                                             1    36    16             0.458318
Os_Ag(110)                                             5    36    16             0.470850
Os_Ag(110)                                             7    36    16             0.459041
Tl_Ag(110)                                             1    36    16             0.440553
Tl_Ag(110)                                             5    36    16             0.438004
Tl_Ag(110)                                             7    36    16             0.441276
Pb_Ag(110)                                             1    36    16             0.440553
Pb_Ag(110)                                             5    36    16             0.438004
Pb_Ag(110)                                             7    36    16             0.390281
Pb_Ag(110)                                             7    36    28             0.463565
Sc_Cu(110)                                             5    36     4             0.492951
Sc_Cu(110)                                             5    36    16             0.448003
Sc_Cu(110)                                             6    36    16             0.400280
Sc_Cu(110)                                             8    36    16             0.466117
Sc_Cu(110)                                            11    36    16             0.451275
Sc_Cu(110)                                            11    36    28             0.496224
Sc_Cu(110)                                            12    36    16             0.490646
Sc_Cu(110)                                            13    36    16             0.448003
Sc_Cu(110)                                            14    36     4             0.492951
Ti_Cu(110)                                             5    36     4             0.492951
Ti_Cu(110)                                             5    36    16             0.428926
Ti_Cu(110)                                             6    36    16             0.432199
Ti_Cu(110)                                             8    36    16             0.447040
Ti_Cu(110)                                            12    36    16             0.471569
Ti_Cu(110)                                            13    36    16             0.428926
Ti_Cu(110)                                            14    36     4             0.492951
V_Cu(110)                                              5    36     4             0.492951
V_Cu(110)                                              5    36    16             0.428926
V_Cu(110)                                              6    36    16             0.432199
V_Cu(110)                                              8    36    16             0.447040
V_Cu(110)                                             12    36    16             0.471569
V_Cu(110)                                             13    36    16             0.428926
V_Cu(110)                                             14    36     4             0.492951
Cr_Cu(110)                                             5    36     4             0.492951
Cr_Cu(110)                                             5    36    16             0.428926
Cr_Cu(110)                                             6    36    16             0.432199
Cr_Cu(110)                                             8    36    16             0.447040
Cr_Cu(110)                                            12    36    16             0.471569
Cr_Cu(110)                                            13    36    16             0.428926
Mn_Cu(110)                                             5    36     4             0.492951
Mn_Cu(110)                                             5    36    16             0.428926
Mn_Cu(110)                                             6    36    16             0.432199
Mn_Cu(110)                                             8    36    16             0.447040
Mn_Cu(110)                                            12    36    16             0.471569
Mn_Cu(110)                                            13    36    16             0.444007
Fe_Cu(110)                                             5    36    16             0.446691
Fe_Cu(110)                                             6    36     4             0.420746
Fe_Cu(110)                                             6    36    16             0.449963
Fe_Cu(110)                                             8    36    16             0.464805
Fe_Cu(110)                                            12    36    16             0.489334
Fe_Cu(110)                                            13    36    16             0.461772
Co_Cu(110)                                             5    36    16             0.446691
Co_Cu(110)                                             6    36    16             0.449963
Co_Cu(110)                                             8    36    16             0.464805
Co_Cu(110)                                            12    36    16             0.489334
Co_Cu(110)                                            13    36    16             0.461772
Zn_Cu(110)                                             5    36    16             0.488356
Zn_Cu(110)                                             6    36    16             0.476547
Zn_Cu(110)                                            13    36    16             0.473274
Ga_Cu(110)                                             5    36    16             0.444007
Ga_Cu(110)                                             6    36    16             0.432199
Ga_Cu(110)                                             8    36    16             0.447040
Ga_Cu(110)                                            12    36    16             0.471569
Ga_Cu(110)                                            13    36    16             0.428926
Ga_Cu(110)                                            14    36     4             0.492951
Ge_Cu(110)                                             5    36    16             0.444007
Ge_Cu(110)                                             6    36    16             0.432199
Ge_Cu(110)                                             8    36    16             0.447040
Ge_Cu(110)                                            12    36    16             0.471569
Ge_Cu(110)                                            13    36    16             0.428926
Y_Cu(110)                                              5    36     4             0.492951
Y_Cu(110)                                             11    36    16             0.483694
Y_Cu(110)                                             11    36    28             0.445229
Y_Cu(110)                                             13    36     4             0.496224
Y_Cu(110)                                             14    36     4             0.492951
Zr_Cu(110)                                             5    36     4             0.492951
Zr_Cu(110)                                             6    36    12             0.464306
Zr_Cu(110)                                             6    36    16             0.483694
Zr_Cu(110)                                            11    36    28             0.496224
Zr_Cu(110)                                            14    36     4             0.492951
Nb_Cu(110)                                             5    36     4             0.492951
Nb_Cu(110)                                             5    36    16             0.428926
Nb_Cu(110)                                             6    36    16             0.432199
Nb_Cu(110)                                             8    36    16             0.447040
Nb_Cu(110)                                            12    36    16             0.471569
Nb_Cu(110)                                            13    36    16             0.428926
Nb_Cu(110)                                            14    36     4             0.492951
Mo_Cu(110)                                             5    36    16             0.428926
Mo_Cu(110)                                             6    36    16             0.432199
Mo_Cu(110)                                             8    36    16             0.447040
Mo_Cu(110)                                            12    36    16             0.471569
Mo_Cu(110)                                            13    36    16             0.428926
Tc_Cu(110)                                             5    36    16             0.446691
Tc_Cu(110)                                             6    36    16             0.449963
Tc_Cu(110)                                             8    36    16             0.464805
Tc_Cu(110)                                            12    36    16             0.489334
Tc_Cu(110)                                            13    36    16             0.446691
Ru_Cu(110)                                             5    36    16             0.446691
Ru_Cu(110)                                             6    36    16             0.449963
Ru_Cu(110)                                             8    36    16             0.464805
Ru_Cu(110)                                            12    36    16             0.489334
Ru_Cu(110)                                            13    36    16             0.446691
In_Cu(110)                                             5    36     4             0.492951
In_Cu(110)                                             5    36    16             0.428926
In_Cu(110)                                             6    36    16             0.381204
In_Cu(110)                                             8    36    16             0.447040
In_Cu(110)                                            11    36    16             0.432199
In_Cu(110)                                            11    36    28             0.496224
In_Cu(110)                                            12    36    16             0.471569
In_Cu(110)                                            13    36    16             0.428926
In_Cu(110)                                            14    36     4             0.492951
Sn_Cu(110)                                             5    36     4             0.487347
Sn_Cu(110)                                             5    36    16             0.428926
Sn_Cu(110)                                             6    36    16             0.381204
Sn_Cu(110)                                             8    36    16             0.447040
Sn_Cu(110)                                            11    36    16             0.432199
Sn_Cu(110)                                            11    36    28             0.490620
Sn_Cu(110)                                            12    36    16             0.471569
Sn_Cu(110)                                            13    36    16             0.428926
Sn_Cu(110)                                            14    36     4             0.487347
Hf_Cu(110)                                             5    36     4             0.492951
Hf_Cu(110)                                             6    36    12             0.464306
Hf_Cu(110)                                             6    36    16             0.483694
Hf_Cu(110)                                            11    36    28             0.496224
Hf_Cu(110)                                            14    36     4             0.492951
Ta_Cu(110)                                             5    36     4             0.492951
Ta_Cu(110)                                             5    36    16             0.448003
Ta_Cu(110)                                             6    36    16             0.451275
Ta_Cu(110)                                             8    36    16             0.466117
Ta_Cu(110)                                            12    36    16             0.490646
Ta_Cu(110)                                            13    36    16             0.448003
Ta_Cu(110)                                            14    36     4             0.492951
W_Cu(110)                                              5    36     4             0.492951
W_Cu(110)                                              5    36    16             0.428926
W_Cu(110)                                              6    36    16             0.432199
W_Cu(110)                                              8    36    16             0.447040
W_Cu(110)                                             12    36    16             0.471569
W_Cu(110)                                             13    36    16             0.428926
W_Cu(110)                                             14    36     4             0.492951
Re_Cu(110)                                             5    36    16             0.428926
Re_Cu(110)                                             6    36    16             0.432199
Re_Cu(110)                                             8    36    16             0.447040
Re_Cu(110)                                            12    36    16             0.471569
Re_Cu(110)                                            13    36    16             0.428926
Os_Cu(110)                                             5    36    16             0.446691
Os_Cu(110)                                             6    36    16             0.449963
Os_Cu(110)                                             8    36    16             0.464805
Os_Cu(110)                                            12    36    16             0.489334
Os_Cu(110)                                            13    36    16             0.446691
Tl_Cu(110)                                             5    36     4             0.492951
Tl_Cu(110)                                             5    36    16             0.428926
Tl_Cu(110)                                             6    36    16             0.381204
Tl_Cu(110)                                             8    36    16             0.447040
Tl_Cu(110)                                            11    36    16             0.432199
Tl_Cu(110)                                            11    36    28             0.496224
Tl_Cu(110)                                            12    36    16             0.471569
Tl_Cu(110)                                            13    36    16             0.428926
Tl_Cu(110)                                            14    36     4             0.492951
Pb_Cu(110)                                             5    36     4             0.492951
Pb_Cu(110)                                             5    36    16             0.428926
Pb_Cu(110)                                             6    36    16             0.381204
Pb_Cu(110)                                             8    36    16             0.447040
Pb_Cu(110)                                            11    36    16             0.432199
Pb_Cu(110)                                            11    36    28             0.496224
Pb_Cu(110)                                            12    36    16             0.471569
Pb_Cu(110)                                            13    36    16             0.428926
Pb_Cu(110)                                            14    36     4             0.492951
Sc_Cu(211)                                             6    45    34             0.496224
Sc_Cu(211)                                             7    45    34             0.492951
Sc_Cu(211)                                             8    45    34             0.492951
Sc_Cu(211)                                             9    45    19             0.483694
Sc_Cu(211)                                            15    45    34             0.496224
Y_Cu(211)                                              5    45    34             0.445229
Y_Cu(211)                                              6    45    19             0.483694
Y_Cu(211)                                              6    45    34             0.445229
Y_Cu(211)                                              7    45    34             0.492951
Y_Cu(211)                                              8    45    34             0.492951
Y_Cu(211)                                             11    45     4             0.468948
Y_Cu(211)                                             14    45    34             0.496224
Y_Cu(211)                                             15    45    34             0.496224
Zr_Cu(211)                                             5    45    34             0.445229
Zr_Cu(211)                                             6    45    34             0.496224
Zr_Cu(211)                                             7    45    34             0.492951
Zr_Cu(211)                                             8    45    34             0.492951
Zr_Cu(211)                                             9    45    19             0.483694
Zr_Cu(211)                                            15    45    34             0.496224
Hf_Cu(211)                                             5    45    34             0.445229
Hf_Cu(211)                                             6    45    34             0.496224
Hf_Cu(211)                                             7    45    34             0.492951
Hf_Cu(211)                                             8    45    34             0.492951
Hf_Cu(211)                                             9    45    19             0.483694
Hf_Cu(211)                                            15    45    34             0.496224
Ta_Cu(211)                                             7    45    34             0.492951
Ta_Cu(211)                                             8    45    19             0.483694
Ta_Cu(211)                                             8    45    34             0.492951
Ta_Cu(211)                                             9    45    19             0.483694
Ta_Cu(211)                                            15    45    34             0.496224
