Cr_Ag(111)	6	36	17	0.496636	-1.065531	-58.57845819	-59.64398904	-58.22066787	0.35779032
Cr_Ag(111)	10	36	17	0.496636	-1.074016	-58.59440742	-59.66842315	-58.22902539	0.36538203
Hf_Au(111)	9	36	17	0.474998	-0.751572	-90.76993311	-91.52150523	-90.37273484	0.39719827
Mn_Ag(111)	6	36	17	0.496636	-1.003026	-58.15211852	-59.15514493	-57.68954113	0.46257739
Mo_Ag(111)	6	36	17	0.496636	-1.085731	-5.47325312	-6.55898427	-5.11680765	0.35644547
Mo_Ag(111)	10	36	17	0.496636	-1.077391	-5.51305659	-6.59044739	-5.1350024	0.37805419
Os_Ag(110)	1	36	16	0.458318	-1.685124	-54.25628544	-55.94140926	-54.07658176	0.17970368
Re_Ag(111)	6	36	17	0.496636	-1.299494	-61.01133148	-62.31082595	-60.60547806	0.40585342
Re_Ag(111)	10	36	17	0.496636	-1.323072	-61.01840482	-62.341477	-60.63078102	0.3876238
Ru_Au(110)	8	36	17	0.4122	-1.370364	-79.03656466	-80.40692829	-78.669972	0.36659266
V_Ag(111)	6	36	17	0.496636	-1.136367	-58.86867366	-60.00504046	-58.59992327	0.26875039
V_Ag(111)	10	36	17	0.496636	-1.116748	-58.90983645	-60.02658488	-58.61927553	0.29056092
W_Ag(111)	6	36	17	0.496636	-1.381071	-6.59399775	-7.97506922	-6.30713261	0.28686514
W_Ag(111)	10	36	17	0.496636	-1.375648	-6.62573195	-8.00138036	-6.33908765	0.2866443
