name siteid  Oid Mid Ea_GBDT DE  E_IS    E_FS    E_TS    Ea_DFT
Co_Ag(110)	5	36	16	0.47085	0.08526	-53.5755338	-53.49027402	-52.45154991	1.12398389
Co_Au(110)	8	36	17	0.4122	-0.812141	-78.44940337	-79.26154482	-77.87321399	0.57618938
Co_Au(111)	9	36	17	0.474998	-0.11672	-85.34458397	-85.46130443	-84.35066033	0.99392364
Co_Au(111)	8	36	17	0.474998	-0.154887	-85.20976444	-85.36465119	-84.40721415	0.80255029
Cr_Ag(111)	6	36	17	0.496636	-1.065531	-58.57845819	-59.64398904	-58.22066787	0.35779032
Cr_Ag(111)	10	36	17	0.496636	-1.074016	-58.59440742	-59.66842315	-58.22902539	0.36538203
Cr_Au(111)	9	36	17	0.474998	-0.549011	-85.96249885	-86.5115103	-85.34088316	0.62161569
Cr_Au(111)	8	36	17	0.474998	-0.46735	-85.96048506	-86.42783522	FAIL	FAIL
Fe_Au(111)	9	36	17	0.474998	-0.163857	-87.0179211	-87.1817784	-85.99835594	1.01956516
Fe_Au(111)	8	36	17	0.474998	-0.217575	-86.89593318	-87.1135079	-86.0341063	0.86182688
Fe_Cu(110)	6	36	16	0.449963	0.382112	-77.96266396	-77.5805516	-76.43137137	1.53129259
Fe_Cu(110)	6	36	4	0.420746	0.35302	-77.98398302	-77.63096267	-76.64842812	1.3355549
Ga_Ag(111)	6	36	17	0.496636	-0.405194	-56.011544	-56.41673838	-54.88002021	1.13152379
Ga_Ag(111)	10	36	17	0.496636	-0.379939	-56.05092619	-56.43086568	-54.89195796	1.15896823
Ga_Au(110)	8	36	17	0.4122	-0.947893	-75.95767102	-76.9055638	-74.87841824	1.07925278
Ga_Au(111)	9	36	17	0.474998	-0.154148	-82.77314246	-82.92729048	-81.57685162	1.19629084
Ga_Au(111)	8	36	17	0.474998	-0.202152	-82.66738786	-82.86953992	-81.5977864	1.06960146
Ge_Ag(111)	10	36	17	0.496636	-0.567685	-57.21527375	-57.78295846	-55.89549942	1.31977433
Ge_Au(111)	9	36	17	0.474998	-0.294574	-83.87330186	-84.16787536	-82.58890744	1.28439442
Ge_Au(111)	8	36	17	0.474998	-0.375927	-83.76242598	-84.13835259	-82.6394576	1.12296838
Hf_Au(100)	4	36	17	0.43161	-1.136131	-88.13797014	-89.2741009	FAIL	FAIL
Hf_Au(110)	8	36	17	0.4122	-1.475011	-83.56590072	-85.04091198	FAIL	FAIL
Hf_Au(111)	9	36	17	0.474998	-0.751572	-90.76993311	-91.52150523	-90.37273484	0.39719827
Hf_Au(111)	8	36	17	0.474998	-0.716663	-90.74364017	-91.4603036	FAIL	FAIL
In_Ag(100)	4	36	17	0.45708	0.235528	-55.21422211	-54.97869428	-53.72189504	1.49232707
In_Ag(111)	6	36	17	0.496636	-0.255033	-56.06611721	-56.3211499	-55.28541238	0.78070483
In_Ag(111)	10	36	17	0.496636	-0.239814	-56.09801302	-56.33782741	-55.26568477	0.83232825
In_Au(110)	3	36	17	0.4428	-0.454832	-76.730069	-77.18490097	-75.22694457	1.50312443
In_Au(110)	8	36	17	0.4122	-0.684209	-76.05810989	-76.74231864	-75.37969929	0.6784106
In_Au(111)	9	36	17	0.474998	0.004456	-82.93885167	-82.93439536	-81.79095697	1.1478947
In_Au(111)	8	36	17	0.474998	-0.065799	-82.81249909	-82.87829777	-81.991019	0.82148009
Mn_Ag(111)	6	36	17	0.496636	-1.003026	-58.15211852	-59.15514493	-57.68954113	0.46257739
Mn_Ag(111)	10	36	17	0.496636	-1.006939	-58.18151812	-59.18845698	-57.67308024	0.50843788
Mn_Au(111)	9	36	17	0.474998	-0.518947	-85.32057541	-85.83952191	-84.6087098	0.71186561
Mn_Au(111)	8	36	17	0.474998	-0.491318	-85.24802725	-85.739345	-84.6777534	0.57027385
Mo_Ag(111)	6	36	17	0.496636	-1.085731	-5.47325312	-6.55898427	-5.11680765	0.35644547
Mo_Ag(111)	10	36	17	0.496636	-1.077391	-5.51305659	-6.59044739	-5.1350024	0.37805419
Mo_Au(111)	9	36	17	0.474998	-0.502302	-34.69723801	-35.19953987	-33.98269455	0.71454346
Mo_Au(111)	8	36	17	0.474998	-0.483091	-34.6173491	-35.10044038	FAIL	FAIL
Nb_Au(111)	8	36	17	0.474998	-0.579136	-88.95712912	-89.53626545	FAIL	FAIL
Os_Ag(110)	1	36	16	0.458318	-1.685124	-54.25628544	-55.94140926	-54.07658176	0.17970368
Os_Au(111)	9	36	17	0.474998	-0.931875	-87.27426839	-88.20614344	-86.63113903	0.64312936
Os_Au(111)	8	36	17	0.474998	-0.893638	-87.17704714	-88.07068559	-86.52515884	0.6518883
Os_Cu(100)	0	36	17	0.418045	0.4475	-85.19650427	-84.74900418	-83.58532357	1.6111807
Pb_Ag(111)	6	36	17	0.496636	-0.127632	-56.99374883	-57.12138115	-55.953091	1.04065783
Pb_Ag(111)	10	36	17	0.496636	-0.075095	-57.05530819	-57.13040287	-55.96246729	1.0928409
Pb_Au(111)	9	36	17	0.474998	0.26975	-83.90745188	-83.63770143	-82.62435283	1.28309905
Re_Ag(111)	6	36	17	0.496636	-1.299494	-61.01133148	-62.31082595	-60.60547806	0.40585342
Re_Ag(111)	10	36	17	0.496636	-1.323072	-61.01840482	-62.341477	-60.63078102	0.3876238
Re_Au(111)	9	36	17	0.474998	-0.840622	-88.38840811	-89.22903053	-87.707893	0.68051511
Re_Au(111)	8	36	17	0.474998	-0.785891	-88.33211736	-89.11800844	-87.67875685	0.65336051
Ru_Au(110)	8	36	17	0.4122	-1.370364	-79.03656466	-80.40692829	-78.669972	0.36659266
Ru_Au(111)	9	36	17	0.474998	-0.593706	-86.04897981	-86.64268598	-85.28869934	0.76028047
Ru_Au(111)	8	36	17	0.474998	-0.610728	-85.90560298	-86.5163312	-85.24678116	0.65882182
Ru_Cu(100)	7	36	17	0.418045	0.41896	-83.39391297	-82.97495296	-81.95033543	1.44357754
Ru_Cu(100)	0	36	17	0.418045	0.41802	-83.39173817	-82.97371775	-81.94942874	1.44230943
Ru_Cu(110)	6	36	16	0.449963	-0.015046	-77.47714532	-77.49219145	-76.21440976	1.26273556
Sc_Ag(100)	3	36	17	0.460353	0.310438	-60.8074921	-60.49705447	-59.45253786	1.35495424
Sc_Ag(110)	7	36	16	0.441276	0.179336	-56.77039615	-56.59105986	-55.4436525	1.32674365
Sc_Au(110)	3	36	17	0.4428	0.12839	-83.16258646	-83.03419688	-81.9504183	1.21216816
Sn_Ag(100)	4	36	17	0.45708	0.156769	-56.46879809	-56.31202954	-54.87466926	1.59412883
Sn_Ag(110)	7	36	16	0.441276	0.258985	-52.29610325	-52.03711823	-50.56302411	1.73307914
Sn_Ag(111)	6	36	17	0.496636	-0.492268	-57.16354825	-57.65581578	-55.9957233	1.16782495
Sn_Ag(111)	10	36	17	0.496636	-0.458247	-57.20458252	-57.66282921	-56.02062301	1.18395951
Sn_Au(110)	8	36	17	0.4122	-0.570946	-77.3419879	-77.91293361	FAIL	FAIL
Sn_Au(111)	9	36	17	0.474998	-0.229589	-83.98214414	-84.21173267	-82.7685872	1.21355694
Sn_Au(111)	8	36	17	0.474998	-0.311497	-83.87223003	-84.18372685	-82.79419987	1.07803016
Sn_Cu(100)	0	36	17	0.463084	0.48986	-80.04334792	-79.55348775	-78.32006595	1.72328197
Ta_Ag(111)	6	36	17	0.496636	-1.474706	-61.99325272	-63.46795841	FAIL	FAIL
Ta_Ag(111)	10	36	17	0.496636	-1.496011	-61.99559974	-63.49161025	FAIL	FAIL
Tc_Au(111)	9	36	17	0.474998	-0.58797	-86.96363771	-87.55160774	-86.26760276	0.69603495
Tc_Au(111)	8	36	17	0.474998	-0.552323	-86.88949858	-87.4418213	-86.26808269	0.62141589
Ti_Au(111)	9	36	17	0.474998	-0.561329	-87.4586323	-88.01996118	-86.89707973	0.56155257
Ti_Au(111)	8	36	17	0.474998	-0.562533	-87.39831517	-87.96084822	FAIL	FAIL
Tl_Ag(111)	10	36	17	0.496636	0.200692	-55.83985393	-55.63916242	-54.60505921	1.23479472
Tl_Au(111)	9	36	17	0.474998	0.490363	-82.56715222	-82.07678946	-81.1725193	1.39463292
Tl_Au(111)	8	36	17	0.474998	0.425816	-82.47023084	-82.04441453	-81.16028454	1.3099463
V_Ag(111)	6	36	17	0.496636	-1.136367	-58.86867366	-60.00504046	-58.59992327	0.26875039
V_Ag(111)	10	36	17	0.496636	-1.116748	-58.90983645	-60.02658488	-58.61927553	0.29056092
V_Au(111)	9	36	17	0.474998	-0.51581	-86.62138891	-87.1371992	-85.95978762	0.66160129
V_Au(111)	8	36	17	0.474998	-0.502312	-86.56168145	-87.06399357	FAIL	FAIL
W_Ag(111)	6	36	17	0.496636	-1.381071	-6.59399775	-7.97506922	-6.30713261	0.28686514
W_Ag(111)	10	36	17	0.496636	-1.375648	-6.62573195	-8.00138036	-6.33908765	0.2866443
Y_Ag(100)	4	36	17	0.45708	0.360429	-61.38806264	-61.02763379	-60.09524273	1.29281991
Y_Au(100)	5	36	17	0.461877	0.399275	-88.13221853	-87.73294319	-86.86825799	1.26396054
Zn_Ag(100)	4	36	17	0.486111	0.352751	-53.50873279	-53.15598194	-51.90537229	1.6033605
Zn_Au(100)	4	36	17	0.491526	-0.600725	-78.25871125	-78.85943599	-77.45819342	0.80051783
Zn_Au(110)	8	36	17	0.472115	-0.857297	-74.02624804	-74.8835453	-73.49861515	0.52763289
Zr_Au(111)	8	36	17	0.474998	-0.594288	-89.17207281	-89.76636089	FAIL	FAIL
