Cd_Cu(100)                                             0    36    17             0.479137
Cd_Cu(100)                                             7    36    17             0.479137
Co_Ag(110)                                             1    36    16             0.458318
Co_Ag(110)                                             5    36    16             0.470850
Co_Au(100)                                             4    36    17             0.431610
Co_Au(110)                                             8    36    17             0.412200
Co_Au(111)                                             8    36    17             0.474998
Co_Au(111)                                             9    36    17             0.474998
Co_Cu(100)                                             0    36    17             0.418045
Co_Cu(100)                                             7    36    17             0.469040
Co_Cu(100)                                             8    36    17             0.474374
Co_Cu(110)                                            12    36    16             0.489334
Co_Cu(110)                                            13    36    16             0.461772
Co_Cu(110)                                             6    36    16             0.449963
Co_Cu(110)                                             8    36    16             0.464805
Cr_Ag(110)                                             1    36    16             0.440553
Cr_Ag(111)                                            10    36    17             0.496636
Cr_Ag(111)                                             6    36    17             0.496636
Cr_Au(100)                                             4    36    17             0.431610
Cr_Au(110)                                             8    36    17             0.412200
Cr_Au(111)                                             8    36    17             0.474998
Cr_Au(111)                                             9    36    17             0.474998
Cr_Cu(100)                                             0    36     5             0.464306
Cr_Cu(100)                                             0    36    13             0.464306
Cr_Cu(100)                                             0    36    17             0.400280
Cr_Cu(100)                                             8    36    17             0.456609
Cr_Cu(110)                                            12    36    16             0.471569
Fe_Ag(100)                                             2    36    17             0.456598
Fe_Ag(100)                                             4    36    17             0.489926
Fe_Ag(110)                                             1    36    16             0.458318
Fe_Ag(110)                                             5    36    16             0.470850
Fe_Au(100)                                             4    36    17             0.431610
Fe_Au(110)                                             8    36    17             0.412200
Fe_Au(111)                                             8    36    17             0.474998
Fe_Au(111)                                             9    36    17             0.474998
Fe_Cu(100)                                             0    36     5             0.489100
Fe_Cu(100)                                             0    36    13             0.489100
Fe_Cu(100)                                             0    36    17             0.418045
Fe_Cu(100)                                             7    36    17             0.469040
Fe_Cu(100)                                             8    36    17             0.474374
Fe_Cu(110)                                            12    36    16             0.489334
Fe_Cu(110)                                            13    36    16             0.461772
Fe_Cu(110)                                             6    36     4             0.420746
Fe_Cu(110)                                             6    36    16             0.449963
Fe_Cu(110)                                             8    36    16             0.464805
Ga_Ag(100)                                             3    36    17             0.460353
Ga_Ag(100)                                             4    36    17             0.472162
Ga_Ag(110)                                             1    36    16             0.440553
Ga_Ag(110)                                             5    36    16             0.453085
Ga_Ag(110)                                             7    36    16             0.441276
Ga_Ag(111)                                            10    36    17             0.496636
Ga_Ag(111)                                             6    36    17             0.496636
Ga_Au(100)                                             4    36    17             0.431610
Ga_Au(100)                                             6    36    17             0.459219
Ga_Au(110)                                             8    36    17             0.412200
Ga_Au(110)                                             9    36    17             0.440142
Ga_Au(111)                                             8    36    17             0.474998
Ga_Au(111)                                             9    36    17             0.474998
Ga_Cu(100)                                             0    36     5             0.464306
Ga_Cu(100)                                             0    36    13             0.464306
Ga_Cu(100)                                             0    36    17             0.400280
Ga_Cu(100)                                            12    36    17             0.448003
Ga_Cu(100)                                             7    36    17             0.400280
Ga_Cu(100)                                             8    36    17             0.456609
Ga_Cu(100)                                             9    36    13             0.464306
Ga_Cu(110)                                            12    36    16             0.471569
Ga_Cu(110)                                            13    36    16             0.428926
Ga_Cu(110)                                            14    36     4             0.492951
Ga_Cu(110)                                             6    36    16             0.432199
Ga_Cu(110)                                             8    36    16             0.447040
Ge_Ag(100)                                             3    36    17             0.460353
Ge_Ag(110)                                             1    36    16             0.440553
Ge_Ag(110)                                             7    36    16             0.441276
Ge_Ag(111)                                            10    36    17             0.496636
Ge_Ag(111)                                             6    36    17             0.496636
Ge_Au(100)                                             4    36    17             0.431610
Ge_Au(100)                                             6    36    17             0.459219
Ge_Au(110)                                             8    36    17             0.412200
Ge_Au(110)                                             9    36    17             0.440142
Ge_Au(111)                                             8    36    17             0.474998
Ge_Au(111)                                             9    36    17             0.474998
Ge_Cu(100)                                             0    36     5             0.473019
Ge_Cu(100)                                             0    36    13             0.473019
Ge_Cu(100)                                             0    36    17             0.400280
Ge_Cu(100)                                            12    36    17             0.448003
Ge_Cu(100)                                             7    36    17             0.400280
Ge_Cu(100)                                             8    36    17             0.456609
Ge_Cu(110)                                            12    36    16             0.471569
Ge_Cu(110)                                             8    36    16             0.447040
Hf_Ag(100)                                             3    36    17             0.460353
Hf_Ag(110)                                             7    36    16             0.441276
Hf_Au(100)                                             4    36    17             0.431610
Hf_Au(100)                                             6    36    17             0.459219
Hf_Au(110)                                             8    36    17             0.412200
Hf_Au(111)                                             8    36    17             0.474998
Hf_Au(111)                                             9    36    17             0.474998
Hf_Cu(110)                                            11    36    28             0.496224
Hf_Cu(111)                                            11    36    21             0.486070
Hf_Cu(111)                                             7    36    33             0.486070
Hf_Cu(211)                                             6    45    34             0.496224
Hf_Cu(211)                                             8    45    34             0.492951
Hf_Cu(211)                                             9    45    19             0.483694
In_Ag(100)                                             3    36    17             0.460353
In_Ag(100)                                             4    36    17             0.457080
In_Ag(110)                                             1    36    16             0.440553
In_Ag(110)                                             5    36    16             0.438004
In_Ag(110)                                             7    36    16             0.441276
In_Ag(111)                                            10    36    17             0.496636
In_Ag(111)                                             6    36    17             0.496636
In_Ag(111)                                             7    36    17             0.492772
In_Ag(111)                                             9    36    17             0.492772
In_Au(100)                                             6    36    17             0.459219
In_Au(110)                                            13    36    17             0.425685
In_Au(110)                                             3    36    17             0.442800
In_Au(110)                                             8    36    17             0.412200
In_Au(110)                                             9    36    17             0.440142
In_Au(111)                                             6    36    17             0.477223
In_Au(111)                                             7    36    17             0.477223
In_Au(111)                                             8    36    17             0.474998
In_Au(111)                                             9    36    17             0.474998
In_Cu(100)                                            12    36    17             0.448003
In_Cu(100)                                             8    36    17             0.456609
In_Cu(110)                                            12    36    16             0.471569
In_Cu(110)                                            13    36    16             0.428926
In_Cu(110)                                             8    36    16             0.447040
Mn_Ag(110)                                             1    36    16             0.440553
Mn_Ag(111)                                            10    36    17             0.496636
Mn_Ag(111)                                             6    36    17             0.496636
Mn_Au(100)                                             4    36    17             0.431610
Mn_Au(110)                                             8    36    17             0.412200
Mn_Au(111)                                             8    36    17             0.474998
Mn_Au(111)                                             9    36    17             0.474998
Mn_Cu(100)                                             0    36     5             0.489100
Mn_Cu(100)                                             0    36    13             0.489100
Mn_Cu(100)                                             0    36    17             0.400280
Mn_Cu(100)                                             8    36    17             0.456609
Mn_Cu(110)                                            12    36    16             0.471569
Mo_Ag(100)                                             2    36    17             0.438834
Mo_Ag(110)                                             1    36    16             0.440553
Mo_Ag(111)                                            10    36    17             0.496636
Mo_Ag(111)                                             6    36    17             0.496636
Mo_Au(100)                                             4    36    17             0.431610
Mo_Au(110)                                             8    36    17             0.412200
Mo_Au(111)                                             8    36    17             0.474998
Mo_Au(111)                                             9    36    17             0.474998
Mo_Cu(100)                                             8    36    17             0.456609
Mo_Cu(110)                                            12    36    16             0.471569
Nb_Ag(111)                                            10    36    17             0.496636
Nb_Ag(111)                                             6    36    17             0.496636
Nb_Au(110)                                             8    36    17             0.412200
Nb_Au(111)                                             8    36    17             0.474998
Nb_Au(111)                                             9    36    17             0.474998
Nb_Cu(100)                                             8    36    17             0.456609
Nb_Cu(110)                                            12    36    16             0.471569
Os_Ag(110)                                             1    36    16             0.458318
Os_Au(111)                                             8    36    17             0.474998
Os_Au(111)                                             9    36    17             0.474998
Os_Cu(100)                                             0    36    17             0.418045
Os_Cu(100)                                             8    36    17             0.474374
Os_Cu(110)                                            12    36    16             0.489334
Os_Cu(110)                                             8    36    16             0.464805
Pb_Ag(110)                                             1    36    16             0.440553
Pb_Ag(111)                                            10    36    17             0.496636
Pb_Ag(111)                                             6    36    17             0.496636
Pb_Au(111)                                             8    36    17             0.474998
Pb_Au(111)                                             9    36    17             0.474998
Pb_Cu(110)                                            12    36    16             0.471569
Pb_Cu(110)                                             8    36    16             0.447040
Re_Ag(110)                                             1    36    16             0.440553
Re_Ag(111)                                            10    36    17             0.496636
Re_Ag(111)                                             6    36    17             0.496636
Re_Au(100)                                             4    36    17             0.431610
Re_Au(110)                                             8    36    17             0.412200
Re_Au(111)                                             8    36    17             0.474998
Re_Au(111)                                             9    36    17             0.474998
Re_Cu(100)                                             8    36    17             0.456609
Re_Cu(110)                                            12    36    16             0.471569
Ru_Ag(100)                                             3    36    17             0.478118
Ru_Ag(110)                                             1    36    16             0.458318
Ru_Au(100)                                             4    36    17             0.431610
Ru_Au(110)                                             8    36    17             0.412200
Ru_Au(111)                                             8    36    17             0.474998
Ru_Au(111)                                             9    36    17             0.474998
Ru_Cu(100)                                             0    36    17             0.418045
Ru_Cu(100)                                             7    36    17             0.418045
Ru_Cu(100)                                             8    36    17             0.474374
Ru_Cu(110)                                            12    36    16             0.489334
Ru_Cu(110)                                             6    36    16             0.449963
Ru_Cu(110)                                             8    36    16             0.464805
Sc_Ag(100)                                             3    36    17             0.460353
Sc_Ag(100)                                             4    36    17             0.457080
Sc_Ag(110)                                             5    36    16             0.438004
Sc_Ag(110)                                             7    36    16             0.441276
Sc_Au(100)                                             5    36    17             0.461877
Sc_Au(100)                                             6    36    17             0.459219
Sc_Au(110)                                             3    36    17             0.442800
Sc_Au(110)                                             8    36    17             0.412200
Sc_Au(110)                                             9    36    17             0.440142
Sc_Au(111)                                             8    36    17             0.474998
Sc_Au(111)                                             9    36    17             0.474998
Sc_Cu(100)                                            12    36    29             0.464306
Sc_Cu(110)                                            11    36    16             0.451275
Sc_Cu(110)                                            11    36    28             0.496224
Sc_Cu(110)                                            12    36    16             0.490646
Sc_Cu(211)                                             6    45    34             0.496224
Sc_Cu(211)                                             7    45    34             0.492951
Sc_Cu(211)                                             8    45    34             0.492951
Sc_Cu(211)                                             9    45    19             0.483694
Sn_Ag(100)                                             3    36    17             0.460353
Sn_Ag(100)                                             3    36    29             0.497381
Sn_Ag(100)                                             4    36    17             0.457080
Sn_Ag(110)                                             1    36    16             0.440553
Sn_Ag(110)                                             5    36    16             0.438004
Sn_Ag(110)                                             7    36    16             0.441276
Sn_Ag(110)                                             7    36    28             0.478304
Sn_Ag(111)                                            10    36    17             0.496636
Sn_Ag(111)                                             6    36    17             0.496636
Sn_Ag(111)                                             7    36    17             0.492772
Sn_Ag(111)                                             9    36    17             0.492772
Sn_Au(100)                                             6    36    17             0.459219
Sn_Au(110)                                             8    36    17             0.412200
Sn_Au(110)                                             9    36    17             0.440142
Sn_Au(111)                                             6    36    17             0.477223
Sn_Au(111)                                             7    36    17             0.477223
Sn_Au(111)                                             8    36    17             0.474998
Sn_Au(111)                                             9    36    17             0.474998
Sn_Cu(100)                                             0    36    17             0.463084
Sn_Cu(100)                                             1    36    17             0.451275
Sn_Cu(100)                                             8    36    17             0.456609
Sn_Cu(110)                                            11    36    16             0.432199
Sn_Cu(110)                                            11    36    28             0.490620
Sn_Cu(110)                                            12    36    16             0.471569
Sn_Cu(110)                                            13    36    16             0.428926
Sn_Cu(110)                                            14    36     4             0.487347
Sn_Cu(110)                                             5    36     4             0.487347
Sn_Cu(110)                                             5    36    16             0.428926
Sn_Cu(110)                                             8    36    16             0.447040
Ta_Ag(111)                                            10    36    17             0.496636
Ta_Ag(111)                                             6    36    17             0.496636
Ta_Au(111)                                             8    36    17             0.474998
Ta_Au(111)                                             9    36    17             0.474998
Ta_Cu(110)                                            12    36    16             0.490646
Tc_Ag(100)                                             2    36    17             0.456598
Tc_Ag(110)                                             1    36    16             0.458318
Tc_Au(110)                                             8    36    17             0.412200
Tc_Au(111)                                             8    36    17             0.474998
Tc_Au(111)                                             9    36    17             0.474998
Tc_Cu(100)                                             0    36     5             0.483425
Tc_Cu(100)                                             0    36    13             0.483425
Tc_Cu(100)                                             0    36    17             0.418045
Tc_Cu(100)                                             8    36    17             0.474374
Tc_Cu(100)                                             9    36    13             0.483425
Tc_Cu(100)                                             9    36    29             0.483425
Tc_Cu(110)                                            12    36    16             0.489334
Ti_Ag(111)                                            10    36    17             0.496636
Ti_Ag(111)                                             6    36    17             0.496636
Ti_Au(100)                                             4    36    17             0.431610
Ti_Au(110)                                             8    36    17             0.412200
Ti_Au(111)                                             8    36    17             0.474998
Ti_Au(111)                                             9    36    17             0.474998
Ti_Cu(100)                                             0    36     5             0.464306
Ti_Cu(100)                                             0    36    13             0.464306
Ti_Cu(100)                                             0    36    17             0.400280
Ti_Cu(100)                                             8    36    17             0.456609
Ti_Cu(100)                                             9    36    13             0.464306
Ti_Cu(100)                                             9    36    29             0.464306
Ti_Cu(110)                                            12    36    16             0.471569
Ti_Cu(110)                                             6    36    16             0.432199
Tl_Ag(110)                                             1    36    16             0.440553
Tl_Ag(111)                                            10    36    17             0.496636
Tl_Ag(111)                                             6    36    17             0.496636
Tl_Au(111)                                             8    36    17             0.474998
Tl_Au(111)                                             9    36    17             0.474998
V_Ag(110)                                              1    36    16             0.440553
V_Ag(111)                                             10    36    17             0.496636
V_Ag(111)                                              6    36    17             0.496636
V_Au(111)                                              8    36    17             0.474998
V_Au(111)                                              9    36    17             0.474998
V_Cu(100)                                              8    36    17             0.456609
V_Cu(110)                                             12    36    16             0.471569
W_Ag(110)                                              1    36    16             0.440553
W_Ag(111)                                             10    36    17             0.496636
W_Ag(111)                                              6    36    17             0.496636
W_Au(111)                                              8    36    17             0.474998
W_Au(111)                                              9    36    17             0.474998
W_Cu(100)                                              8    36    17             0.456609
W_Cu(110)                                             12    36    16             0.471569
Y_Ag(100)                                              3    36    17             0.472162
Y_Ag(100)                                              4    36    17             0.457080
Y_Ag(110)                                              5    36    16             0.438004
Y_Ag(110)                                              7    36    16             0.453085
Y_Au(100)                                              5    36    17             0.461877
Y_Au(100)                                              6    36    17             0.476958
Y_Au(110)                                              9    36    17             0.457882
Zn_Ag(100)                                             4    36    17             0.486111
Zn_Ag(110)                                             1    36    16             0.473433
Zn_Ag(110)                                             5    36    16             0.467034
Zn_Au(100)                                             4    36    17             0.491526
Zn_Au(110)                                             3    36    17             0.474678
Zn_Au(110)                                             8    36    17             0.472115
Zn_Cu(100)                                             0    36    17             0.444628
Zn_Cu(100)                                            12    36    17             0.492351
Zn_Cu(100)                                             7    36    17             0.495623
Zn_Cu(110)                                            13    36    16             0.473274
Zn_Cu(110)                                             6    36    16             0.476547
Zr_Ag(100)                                             3    36    17             0.460353
Zr_Ag(110)                                             7    36    16             0.441276
Zr_Au(110)                                             8    36    17             0.412200
Zr_Au(111)                                             8    36    17             0.474998
Zr_Au(111)                                             9    36    17             0.474998
Zr_Cu(110)                                            11    36    28             0.496224
Zr_Cu(111)                                            11    36    13             0.486070
Zr_Cu(111)                                            11    36    21             0.486070
Zr_Cu(111)                                             7    36     1             0.486070
Zr_Cu(111)                                             7    36    33             0.486070
Zr_Cu(211)                                             6    45    34             0.496224
Zr_Cu(211)                                             8    45    34             0.492951
Zr_Cu(211)                                             9    45    19             0.483694
