Co_Ag(110)                                             5    36    16             0.470850
Co_Au(110)                                             8    36    17             0.412200
Co_Au(111)                                             8    36    17             0.474998
Co_Au(111)                                             9    36    17             0.474998
Cr_Ag(111)                                            10    36    17             0.496636
Cr_Ag(111)                                             6    36    17             0.496636
Cr_Au(111)                                             8    36    17             0.474998
Cr_Au(111)                                             9    36    17             0.474998
Fe_Au(111)                                             8    36    17             0.474998
Fe_Au(111)                                             9    36    17             0.474998
Fe_Cu(110)                                             6    36     4             0.420746
Fe_Cu(110)                                             6    36    16             0.449963
Ga_Ag(111)                                            10    36    17             0.496636
Ga_Ag(111)                                             6    36    17             0.496636
Ga_Au(110)                                             8    36    17             0.412200
Ga_Au(111)                                             8    36    17             0.474998
Ga_Au(111)                                             9    36    17             0.474998
Ge_Ag(111)                                            10    36    17             0.496636
Ge_Au(111)                                             8    36    17             0.474998
Ge_Au(111)                                             9    36    17             0.474998
Hf_Au(100)                                             4    36    17             0.431610
Hf_Au(110)                                             8    36    17             0.412200
Hf_Au(111)                                             8    36    17             0.474998
Hf_Au(111)                                             9    36    17             0.474998
In_Ag(100)                                             4    36    17             0.457080
In_Ag(111)                                            10    36    17             0.496636
In_Ag(111)                                             6    36    17             0.496636
In_Au(110)                                             3    36    17             0.442800
In_Au(110)                                             8    36    17             0.412200
In_Au(111)                                             8    36    17             0.474998
In_Au(111)                                             9    36    17             0.474998
Mn_Ag(111)                                            10    36    17             0.496636
Mn_Ag(111)                                             6    36    17             0.496636
Mn_Au(111)                                             8    36    17             0.474998
Mn_Au(111)                                             9    36    17             0.474998
Mo_Ag(111)                                            10    36    17             0.496636
Mo_Ag(111)                                             6    36    17             0.496636
Mo_Au(111)                                             8    36    17             0.474998
Mo_Au(111)                                             9    36    17             0.474998
Nb_Au(111)                                             8    36    17             0.474998
Os_Ag(110)                                             1    36    16             0.458318
Os_Au(111)                                             8    36    17             0.474998
Os_Au(111)                                             9    36    17             0.474998
Os_Cu(100)                                             0    36    17             0.418045
Pb_Ag(111)                                            10    36    17             0.496636
Pb_Ag(111)                                             6    36    17             0.496636
Pb_Au(111)                                             9    36    17             0.474998
Re_Ag(111)                                            10    36    17             0.496636
Re_Ag(111)                                             6    36    17             0.496636
Re_Au(111)                                             8    36    17             0.474998
Re_Au(111)                                             9    36    17             0.474998
Ru_Au(110)                                             8    36    17             0.412200
Ru_Au(111)                                             8    36    17             0.474998
Ru_Au(111)                                             9    36    17             0.474998
Ru_Cu(100)                                             0    36    17             0.418045
Ru_Cu(100)                                             7    36    17             0.418045
Ru_Cu(110)                                             6    36    16             0.449963
Sc_Ag(100)                                             3    36    17             0.460353
Sc_Ag(110)                                             7    36    16             0.441276
Sc_Au(110)                                             3    36    17             0.442800
Sn_Ag(100)                                             4    36    17             0.457080
Sn_Ag(110)                                             7    36    16             0.441276
Sn_Ag(111)                                            10    36    17             0.496636
Sn_Ag(111)                                             6    36    17             0.496636
Sn_Au(110)                                             8    36    17             0.412200
Sn_Au(111)                                             8    36    17             0.474998
Sn_Au(111)                                             9    36    17             0.474998
Sn_Cu(100)                                             0    36    17             0.463084
Ta_Ag(111)                                            10    36    17             0.496636
Ta_Ag(111)                                             6    36    17             0.496636
Tc_Au(111)                                             8    36    17             0.474998
Tc_Au(111)                                             9    36    17             0.474998
Ti_Au(111)                                             8    36    17             0.474998
Ti_Au(111)                                             9    36    17             0.474998
Tl_Ag(111)                                            10    36    17             0.496636
Tl_Au(111)                                             8    36    17             0.474998
Tl_Au(111)                                             9    36    17             0.474998
V_Ag(111)                                             10    36    17             0.496636
V_Ag(111)                                              6    36    17             0.496636
V_Au(111)                                              8    36    17             0.474998
V_Au(111)                                              9    36    17             0.474998
W_Ag(111)                                             10    36    17             0.496636
W_Ag(111)                                              6    36    17             0.496636
Y_Ag(100)                                              4    36    17             0.457080
Y_Au(100)                                              5    36    17             0.461877
Zn_Ag(100)                                             4    36    17             0.486111
Zn_Au(100)                                             4    36    17             0.491526
Zn_Au(110)                                             8    36    17             0.472115
Zr_Au(111)                                             8    36    17             0.474998
