                                Co_Ag(110)_5/36_16              0.22558              0.17260              1.88869              0.08526
                                Co_Au(110)_8/36_17              0.00283              0.03714              3.95755             -0.81214
                                Co_Au(111)_8/36_17              0.05640              0.09219              3.83565             -0.15489
                                Co_Au(111)_9/36_17              0.04700              0.09040              3.79884             -0.11672
                               Cr_Ag(111)_10/36_17              0.04669              0.05036              3.70930             -1.07402
                                Cr_Ag(111)_6/36_17              0.03525              0.04445              3.72395             -1.06553
                                Cr_Au(111)_8/36_17              0.06778              0.06996              3.86714             -0.46735
                                Cr_Au(111)_9/36_17              0.05448              0.04095              3.79606             -0.54901
                                Fe_Au(111)_8/36_17              0.05469              0.13540              3.82066             -0.21757
                                Fe_Au(111)_9/36_17              0.04895              0.15299              3.76212             -0.16386
                                 Fe_Cu(110)_6/36_4              0.29807              0.01653              3.56501              0.35302
                                Fe_Cu(110)_6/36_16              0.43518              0.08504              2.05777              0.38211
                               Ga_Ag(111)_10/36_17              0.03622              0.03909              3.70619             -0.37994
                                Ga_Ag(111)_6/36_17              0.03281              0.06957              3.69416             -0.40519
                                Ga_Au(110)_8/36_17              0.02461              0.00561              3.83234             -0.94789
                                Ga_Au(111)_8/36_17              0.04936              0.41601              3.69533             -0.20215
                                Ga_Au(111)_9/36_17              0.04678              0.29769              3.68126             -0.15415
                               Ge_Ag(111)_10/36_17              0.04368              0.40911              3.71140             -0.56768
                                Ge_Au(111)_8/36_17              0.07377              0.40675              3.63169             -0.37593
                                Ge_Au(111)_9/36_17              0.06970              0.37247              3.65673             -0.29457
                                Hf_Au(100)_4/36_17              0.28561              0.10811              3.99276             -1.13613
                                Hf_Au(110)_8/36_17              0.00320              0.03796              3.71820             -1.47501
                                Hf_Au(111)_8/36_17              0.05838              0.23048              3.77501             -0.71666
                                Hf_Au(111)_9/36_17              0.05181              0.16779              3.64629             -0.75157
                                In_Ag(100)_4/36_17              0.31818              0.05733              2.35638              0.23553
                               In_Ag(111)_10/36_17              0.04627              0.08810              3.62111             -0.23981
                                In_Ag(111)_6/36_17              0.02811              0.04623              3.59945             -0.25503
                                In_Au(110)_3/36_17              0.21481              0.18022              2.16911             -0.45483
                                In_Au(110)_8/36_17              0.01244              0.01404              3.63700             -0.68421
                                In_Au(111)_8/36_17              0.04352              0.17601              3.54186             -0.06580
                                In_Au(111)_9/36_17              0.04315              0.12933              3.53166              0.00446
                               Mn_Ag(111)_10/36_17              0.03421              0.03713              3.75584             -1.00694
                                Mn_Ag(111)_6/36_17              0.03786              0.03787              3.79159             -1.00303
                                Mn_Au(111)_8/36_17              0.06408              0.05443              3.87955             -0.49132
                                Mn_Au(111)_9/36_17              0.05347              0.04261              3.81181             -0.51895
                               Mo_Ag(111)_10/36_17              0.03804              0.05095              3.60413             -1.07739
                                Mo_Ag(111)_6/36_17              0.04076              0.04110              3.63487             -1.08573
                                Mo_Au(111)_8/36_17              0.08556              0.07229              3.87225             -0.48309
                                Mo_Au(111)_9/36_17              0.06846              0.05491              3.81518             -0.50230
                                Nb_Au(111)_8/36_17              0.07563              0.11581              3.85083             -0.57914
                                Os_Ag(110)_1/36_16              0.48166              0.02681              3.99042             -1.68512
                                Os_Au(111)_8/36_17              0.07856              0.02728              3.89936             -0.89364
                                Os_Au(111)_9/36_17              0.04687              0.02170              3.83065             -0.93188
                                Os_Cu(100)_0/36_17              0.17670              0.02812              2.19566              0.44750
                               Pb_Ag(111)_10/36_17              0.08160              0.05818              3.48635             -0.07509
                                Pb_Ag(111)_6/36_17              0.06443              0.10082              3.49732             -0.12763
                                Pb_Au(111)_9/36_17              0.12028              0.01975              3.31030              0.26975
                               Re_Ag(111)_10/36_17              0.03904              0.03866              3.76432             -1.32307
                                Re_Ag(111)_6/36_17              0.03668              0.03803              3.79506             -1.29949
                                Re_Au(111)_8/36_17              0.08532              0.02579              3.94994             -0.78589
                                Re_Au(111)_9/36_17              0.06578              0.03030              3.87380             -0.84062
                                Ru_Au(110)_8/36_17              0.02492              0.01184              3.81187             -1.37036
                                Ru_Au(111)_8/36_17              0.06552              0.01559              3.83582             -0.61073
                                Ru_Au(111)_9/36_17              0.04660              0.00873              3.75363             -0.59371
                                Ru_Cu(100)_0/36_17              0.08457              0.04344              2.24475              0.41802
                                Ru_Cu(100)_7/36_17              0.08083              0.04819              2.23293              0.41896
                                Ru_Cu(110)_6/36_16              0.12102              0.08308              2.17439             -0.01505
                                Sc_Ag(100)_3/36_17              0.09626              0.08488              1.91354              0.31044
                                Sc_Ag(110)_7/36_16              0.06513              0.03163              1.91340              0.17934
                                Sc_Au(110)_3/36_17              0.24311              0.08214              1.90117              0.12839
                                Sn_Ag(100)_4/36_17              0.35438              0.23875              2.25816              0.15677
                                Sn_Ag(110)_7/36_16              0.44554              0.16845              2.16176              0.25899
                               Sn_Ag(111)_10/36_17              0.06407              0.24992              3.64176             -0.45825
                                Sn_Ag(111)_6/36_17              0.03237              0.23199              3.63236             -0.49227
                                Sn_Au(110)_8/36_17              0.02202              0.00614              3.73806             -0.57095
                                Sn_Au(111)_8/36_17              0.06134              0.23114              3.53727             -0.31150
                                Sn_Au(111)_9/36_17              0.09941              0.19726              3.55350             -0.22959
                                Sn_Cu(100)_0/36_17              0.23950              0.01524              2.70836              0.48986
                               Ta_Ag(111)_10/36_17              0.04914              0.10078              3.62783             -1.49601
                                Ta_Ag(111)_6/36_17              0.05741              0.08140              3.65034             -1.47471
                                Tc_Au(111)_8/36_17              0.06866              0.02036              3.85742             -0.55232
                                Tc_Au(111)_9/36_17              0.05335              0.01314              3.78074             -0.58797
                                Ti_Au(111)_8/36_17              0.06390              0.12486              3.79503             -0.56253
                                Ti_Au(111)_9/36_17              0.06329              0.12801              3.72699             -0.56133
                               Tl_Ag(111)_10/36_17              0.05004              0.01538              3.39649              0.20069
                                Tl_Au(111)_8/36_17              0.09736              0.01833              3.37589              0.42582
                                Tl_Au(111)_9/36_17              0.06943              0.00566              3.41554              0.49036
                                V_Ag(111)_10/36_17              0.04339              0.06566              3.64781             -1.11675
                                 V_Ag(111)_6/36_17              0.04327              0.06122              3.68233             -1.13637
                                 V_Au(111)_8/36_17              0.07412              0.10419              3.84509             -0.50231
                                 V_Au(111)_9/36_17              0.06232              0.10547              3.77767             -0.51581
                                W_Ag(111)_10/36_17              0.03609              0.09203              3.70375             -1.37565
                                 W_Ag(111)_6/36_17              0.04279              0.07541              3.73179             -1.38107
                                 Y_Ag(100)_4/36_17              0.38308              0.18578              2.10483              0.36043
                                 Y_Au(100)_5/36_17              0.43928              0.21578              2.10308              0.39928
                                Zn_Ag(100)_4/36_17              0.47571              0.38988              2.08022              0.35275
                                Zn_Au(100)_4/36_17              0.14657              0.11239              3.88134             -0.60072
                                Zn_Au(110)_8/36_17              0.01085              0.13726              3.72664             -0.85730
                                Zr_Au(111)_8/36_17              0.05656              0.15438              3.58029             -0.59429
